from_stop_id,to_stop_id,transfer_type,min_transfer_time
1187,63,2,0.0
63,1187,2,0.0
1187,879,2,0.0
879,1187,2,0.0
63,879,2,0.0
879,63,2,0.0
1056,1149,2,0.0
1149,1056,2,0.0
1056,945,2,0.0
945,1056,2,0.0
1149,945,2,0.0
945,1149,2,0.0
1305,210,2,0.0
210,1305,2,0.0
1044,1318,2,0.0
1318,1044,2,0.0
329,796,2,0.0
796,329,2,0.0
280,449,2,0.0
449,280,2,0.0
137,196,2,0.0
196,137,2,0.0
1250,359,2,0.0
359,1250,2,0.0
1250,412,2,0.0
412,1250,2,0.0
1250,462,2,0.0
462,1250,2,0.0
359,412,2,0.0
412,359,2,0.0
359,462,2,0.0
462,359,2,0.0
412,462,2,0.0
462,412,2,0.0
1162,1197,2,0.0
1197,1162,2,0.0
1162,1259,2,0.0
1259,1162,2,0.0
1162,1271,2,0.0
1271,1162,2,0.0
1162,375,2,0.0
375,1162,2,0.0
1162,444,2,0.0
444,1162,2,0.0
1162,611,2,0.0
611,1162,2,0.0
1162,68,2,0.0
68,1162,2,0.0
1162,848,2,0.0
848,1162,2,0.0
1162,860,2,0.0
860,1162,2,0.0
1162,869,2,0.0
869,1162,2,0.0
1162,894,2,0.0
894,1162,2,0.0
1197,1259,2,0.0
1259,1197,2,0.0
1197,1271,2,0.0
1271,1197,2,0.0
1197,375,2,0.0
375,1197,2,0.0
1197,444,2,0.0
444,1197,2,0.0
1197,611,2,0.0
611,1197,2,0.0
1197,68,2,0.0
68,1197,2,0.0
1197,848,2,0.0
848,1197,2,0.0
1197,860,2,0.0
860,1197,2,0.0
1197,869,2,0.0
869,1197,2,0.0
1197,894,2,0.0
894,1197,2,0.0
1259,1271,2,0.0
1271,1259,2,0.0
1259,375,2,0.0
375,1259,2,0.0
1259,444,2,0.0
444,1259,2,0.0
1259,611,2,0.0
611,1259,2,0.0
1259,68,2,0.0
68,1259,2,0.0
1259,848,2,0.0
848,1259,2,0.0
1259,860,2,0.0
860,1259,2,0.0
1259,869,2,0.0
869,1259,2,0.0
1259,894,2,0.0
894,1259,2,0.0
1271,375,2,0.0
375,1271,2,0.0
1271,444,2,0.0
444,1271,2,0.0
1271,611,2,0.0
611,1271,2,0.0
1271,68,2,0.0
68,1271,2,0.0
1271,848,2,0.0
848,1271,2,0.0
1271,860,2,0.0
860,1271,2,0.0
1271,869,2,0.0
869,1271,2,0.0
1271,894,2,0.0
894,1271,2,0.0
375,444,2,0.0
444,375,2,0.0
375,611,2,0.0
611,375,2,0.0
375,68,2,0.0
68,375,2,0.0
375,848,2,0.0
848,375,2,0.0
375,860,2,0.0
860,375,2,0.0
375,869,2,0.0
869,375,2,0.0
375,894,2,0.0
894,375,2,0.0
444,611,2,0.0
611,444,2,0.0
444,68,2,0.0
68,444,2,0.0
444,848,2,0.0
848,444,2,0.0
444,860,2,0.0
860,444,2,0.0
444,869,2,0.0
869,444,2,0.0
444,894,2,0.0
894,444,2,0.0
611,68,2,0.0
68,611,2,0.0
611,848,2,0.0
848,611,2,0.0
611,860,2,0.0
860,611,2,0.0
611,869,2,0.0
869,611,2,0.0
611,894,2,0.0
894,611,2,0.0
68,848,2,0.0
848,68,2,0.0
68,860,2,0.0
860,68,2,0.0
68,869,2,0.0
869,68,2,0.0
68,894,2,0.0
894,68,2,0.0
848,860,2,0.0
860,848,2,0.0
848,869,2,0.0
869,848,2,0.0
848,894,2,0.0
894,848,2,0.0
860,869,2,0.0
869,860,2,0.0
860,894,2,0.0
894,860,2,0.0
869,894,2,0.0
894,869,2,0.0
1372,845,2,0.0
845,1372,2,0.0
1123,134,2,0.0
134,1123,2,0.0
1123,864,2,0.0
864,1123,2,0.0
134,864,2,0.0
864,134,2,0.0
1326,62,2,0.0
62,1326,2,0.0
1164,165,2,0.0
165,1164,2,0.0
1169,408,2,0.0
408,1169,2,0.0
1169,445,2,0.0
445,1169,2,0.0
1169,759,2,0.0
759,1169,2,0.0
1169,923,2,0.0
923,1169,2,0.0
408,445,2,0.0
445,408,2,0.0
408,759,2,0.0
759,408,2,0.0
408,923,2,0.0
923,408,2,0.0
445,759,2,0.0
759,445,2,0.0
445,923,2,0.0
923,445,2,0.0
759,923,2,0.0
923,759,2,0.0
1090,913,2,0.0
913,1090,2,0.0
1090,958,2,0.0
958,1090,2,0.0
913,958,2,0.0
958,913,2,0.0
189,199,2,0.0
199,189,2,0.0
431,644,2,0.0
644,431,2,0.0
431,652,2,0.0
652,431,2,0.0
431,780,2,0.0
780,431,2,0.0
644,652,2,0.0
652,644,2,0.0
644,780,2,0.0
780,644,2,0.0
652,780,2,0.0
780,652,2,0.0
1006,684,2,0.0
684,1006,2,0.0
1170,85,2,0.0
85,1170,2,0.0
1210,1256,2,0.0
1256,1210,2,0.0
1210,1390,2,0.0
1390,1210,2,0.0
1210,285,2,0.0
285,1210,2,0.0
1210,371,2,0.0
371,1210,2,0.0
1210,505,2,0.0
505,1210,2,0.0
1210,657,2,0.0
657,1210,2,0.0
1210,964,2,0.0
964,1210,2,0.0
1256,1390,2,0.0
1390,1256,2,0.0
1256,285,2,0.0
285,1256,2,0.0
1256,371,2,0.0
371,1256,2,0.0
1256,505,2,0.0
505,1256,2,0.0
1256,657,2,0.0
657,1256,2,0.0
1256,964,2,0.0
964,1256,2,0.0
1390,285,2,0.0
285,1390,2,0.0
1390,371,2,0.0
371,1390,2,0.0
1390,505,2,0.0
505,1390,2,0.0
1390,657,2,0.0
657,1390,2,0.0
1390,964,2,0.0
964,1390,2,0.0
285,371,2,0.0
371,285,2,0.0
285,505,2,0.0
505,285,2,0.0
285,657,2,0.0
657,285,2,0.0
285,964,2,0.0
964,285,2,0.0
371,505,2,0.0
505,371,2,0.0
371,657,2,0.0
657,371,2,0.0
371,964,2,0.0
964,371,2,0.0
505,657,2,0.0
657,505,2,0.0
505,964,2,0.0
964,505,2,0.0
657,964,2,0.0
964,657,2,0.0
106,959,2,0.0
959,106,2,0.0
1290,469,2,0.0
469,1290,2,0.0
1107,625,2,0.0
625,1107,2,0.0
157,905,2,0.0
905,157,2,0.0
1139,885,2,0.0
885,1139,2,0.0
1205,717,2,0.0
717,1205,2,0.0
1028,615,2,0.0
615,1028,2,0.0
340,891,2,0.0
891,340,2,0.0
1214,1283,2,0.0
1283,1214,2,0.0
211,529,2,0.0
529,211,2,0.0
1212,438,2,0.0
438,1212,2,0.0
241,547,2,0.0
547,241,2,0.0
207,770,2,0.0
770,207,2,0.0
207,941,2,0.0
941,207,2,0.0
207,977,2,0.0
977,207,2,0.0
770,941,2,0.0
941,770,2,0.0
770,977,2,0.0
977,770,2,0.0
941,977,2,0.0
977,941,2,0.0
1147,1219,2,0.0
1219,1147,2,0.0
1147,1260,2,0.0
1260,1147,2,0.0
1147,1328,2,0.0
1328,1147,2,0.0
1147,28,2,0.0
28,1147,2,0.0
1147,373,2,0.0
373,1147,2,0.0
1147,409,2,0.0
409,1147,2,0.0
1147,41,2,0.0
41,1147,2,0.0
1147,464,2,0.0
464,1147,2,0.0
1147,584,2,0.0
584,1147,2,0.0
1147,75,2,0.0
75,1147,2,0.0
1219,1260,2,0.0
1260,1219,2,0.0
1219,1328,2,0.0
1328,1219,2,0.0
1219,28,2,0.0
28,1219,2,0.0
1219,373,2,0.0
373,1219,2,0.0
1219,409,2,0.0
409,1219,2,0.0
1219,41,2,0.0
41,1219,2,0.0
1219,464,2,0.0
464,1219,2,0.0
1219,584,2,0.0
584,1219,2,0.0
1219,75,2,0.0
75,1219,2,0.0
1260,1328,2,0.0
1328,1260,2,0.0
1260,28,2,0.0
28,1260,2,0.0
1260,373,2,0.0
373,1260,2,0.0
1260,409,2,0.0
409,1260,2,0.0
1260,41,2,0.0
41,1260,2,0.0
1260,464,2,0.0
464,1260,2,0.0
1260,584,2,0.0
584,1260,2,0.0
1260,75,2,0.0
75,1260,2,0.0
1328,28,2,0.0
28,1328,2,0.0
1328,373,2,0.0
373,1328,2,0.0
1328,409,2,0.0
409,1328,2,0.0
1328,41,2,0.0
41,1328,2,0.0
1328,464,2,0.0
464,1328,2,0.0
1328,584,2,0.0
584,1328,2,0.0
1328,75,2,0.0
75,1328,2,0.0
28,373,2,0.0
373,28,2,0.0
28,409,2,0.0
409,28,2,0.0
28,41,2,0.0
41,28,2,0.0
28,464,2,0.0
464,28,2,0.0
28,584,2,0.0
584,28,2,0.0
28,75,2,0.0
75,28,2,0.0
373,409,2,0.0
409,373,2,0.0
373,41,2,0.0
41,373,2,0.0
373,464,2,0.0
464,373,2,0.0
373,584,2,0.0
584,373,2,0.0
373,75,2,0.0
75,373,2,0.0
409,41,2,0.0
41,409,2,0.0
409,464,2,0.0
464,409,2,0.0
409,584,2,0.0
584,409,2,0.0
409,75,2,0.0
75,409,2,0.0
41,464,2,0.0
464,41,2,0.0
41,584,2,0.0
584,41,2,0.0
41,75,2,0.0
75,41,2,0.0
464,584,2,0.0
584,464,2,0.0
464,75,2,0.0
75,464,2,0.0
584,75,2,0.0
75,584,2,0.0
1329,481,2,0.0
481,1329,2,0.0
1329,775,2,0.0
775,1329,2,0.0
481,775,2,0.0
775,481,2,0.0
172,73,2,0.0
73,172,2,0.0
1097,1396,2,0.0
1396,1097,2,0.0
1215,1249,2,0.0
1249,1215,2,0.0
1215,18,2,0.0
18,1215,2,0.0
1215,219,2,0.0
219,1215,2,0.0
1215,38,2,0.0
38,1215,2,0.0
1215,827,2,0.0
827,1215,2,0.0
1249,18,2,0.0
18,1249,2,0.0
1249,219,2,0.0
219,1249,2,0.0
1249,38,2,0.0
38,1249,2,0.0
1249,827,2,0.0
827,1249,2,0.0
18,219,2,0.0
219,18,2,0.0
18,38,2,0.0
38,18,2,0.0
18,827,2,0.0
827,18,2,0.0
219,38,2,0.0
38,219,2,0.0
219,827,2,0.0
827,219,2,0.0
38,827,2,0.0
827,38,2,0.0
1398,3,2,0.0
3,1398,2,0.0
1398,472,2,0.0
472,1398,2,0.0
1398,620,2,0.0
620,1398,2,0.0
1398,881,2,0.0
881,1398,2,0.0
1398,954,2,0.0
954,1398,2,0.0
3,472,2,0.0
472,3,2,0.0
3,620,2,0.0
620,3,2,0.0
3,881,2,0.0
881,3,2,0.0
3,954,2,0.0
954,3,2,0.0
472,620,2,0.0
620,472,2,0.0
472,881,2,0.0
881,472,2,0.0
472,954,2,0.0
954,472,2,0.0
620,881,2,0.0
881,620,2,0.0
620,954,2,0.0
954,620,2,0.0
881,954,2,0.0
954,881,2,0.0
1021,126,2,0.0
126,1021,2,0.0
1021,1378,2,0.0
1378,1021,2,0.0
1021,15,2,0.0
15,1021,2,0.0
1021,201,2,0.0
201,1021,2,0.0
1021,388,2,0.0
388,1021,2,0.0
1021,608,2,0.0
608,1021,2,0.0
1021,733,2,0.0
733,1021,2,0.0
1021,774,2,0.0
774,1021,2,0.0
126,1378,2,0.0
1378,126,2,0.0
126,15,2,0.0
15,126,2,0.0
126,201,2,0.0
201,126,2,0.0
126,388,2,0.0
388,126,2,0.0
126,608,2,0.0
608,126,2,0.0
126,733,2,0.0
733,126,2,0.0
126,774,2,0.0
774,126,2,0.0
1378,15,2,0.0
15,1378,2,0.0
1378,201,2,0.0
201,1378,2,0.0
1378,388,2,0.0
388,1378,2,0.0
1378,608,2,0.0
608,1378,2,0.0
1378,733,2,0.0
733,1378,2,0.0
1378,774,2,0.0
774,1378,2,0.0
15,201,2,0.0
201,15,2,0.0
15,388,2,0.0
388,15,2,0.0
15,608,2,0.0
608,15,2,0.0
15,733,2,0.0
733,15,2,0.0
15,774,2,0.0
774,15,2,0.0
201,388,2,0.0
388,201,2,0.0
201,608,2,0.0
608,201,2,0.0
201,733,2,0.0
733,201,2,0.0
201,774,2,0.0
774,201,2,0.0
388,608,2,0.0
608,388,2,0.0
388,733,2,0.0
733,388,2,0.0
388,774,2,0.0
774,388,2,0.0
608,733,2,0.0
733,608,2,0.0
608,774,2,0.0
774,608,2,0.0
733,774,2,0.0
774,733,2,0.0
122,1301,2,0.0
1301,122,2,0.0
122,1375,2,0.0
1375,122,2,0.0
122,221,2,0.0
221,122,2,0.0
122,47,2,0.0
47,122,2,0.0
122,779,2,0.0
779,122,2,0.0
122,969,2,0.0
969,122,2,0.0
1301,1375,2,0.0
1375,1301,2,0.0
1301,221,2,0.0
221,1301,2,0.0
1301,47,2,0.0
47,1301,2,0.0
1301,779,2,0.0
779,1301,2,0.0
1301,969,2,0.0
969,1301,2,0.0
1375,221,2,0.0
221,1375,2,0.0
1375,47,2,0.0
47,1375,2,0.0
1375,779,2,0.0
779,1375,2,0.0
1375,969,2,0.0
969,1375,2,0.0
221,47,2,0.0
47,221,2,0.0
221,779,2,0.0
779,221,2,0.0
221,969,2,0.0
969,221,2,0.0
47,779,2,0.0
779,47,2,0.0
47,969,2,0.0
969,47,2,0.0
779,969,2,0.0
969,779,2,0.0
111,220,2,0.0
220,111,2,0.0
1143,1270,2,0.0
1270,1143,2,0.0
1143,19,2,0.0
19,1143,2,0.0
1143,209,2,0.0
209,1143,2,0.0
1143,226,2,0.0
226,1143,2,0.0
1143,339,2,0.0
339,1143,2,0.0
1143,852,2,0.0
852,1143,2,0.0
1270,19,2,0.0
19,1270,2,0.0
1270,209,2,0.0
209,1270,2,0.0
1270,226,2,0.0
226,1270,2,0.0
1270,339,2,0.0
339,1270,2,0.0
1270,852,2,0.0
852,1270,2,0.0
19,209,2,0.0
209,19,2,0.0
19,226,2,0.0
226,19,2,0.0
19,339,2,0.0
339,19,2,0.0
19,852,2,0.0
852,19,2,0.0
209,226,2,0.0
226,209,2,0.0
209,339,2,0.0
339,209,2,0.0
209,852,2,0.0
852,209,2,0.0
226,339,2,0.0
339,226,2,0.0
226,852,2,0.0
852,226,2,0.0
339,852,2,0.0
852,339,2,0.0
160,379,2,0.0
379,160,2,0.0
51,718,2,0.0
718,51,2,0.0
1161,1294,2,0.0
1294,1161,2,0.0
1023,1132,2,0.0
1132,1023,2,0.0
1023,1134,2,0.0
1134,1023,2,0.0
1023,564,2,0.0
564,1023,2,0.0
1023,674,2,0.0
674,1023,2,0.0
1023,849,2,0.0
849,1023,2,0.0
1132,1134,2,0.0
1134,1132,2,0.0
1132,564,2,0.0
564,1132,2,0.0
1132,674,2,0.0
674,1132,2,0.0
1132,849,2,0.0
849,1132,2,0.0
1134,564,2,0.0
564,1134,2,0.0
1134,674,2,0.0
674,1134,2,0.0
1134,849,2,0.0
849,1134,2,0.0
564,674,2,0.0
674,564,2,0.0
564,849,2,0.0
849,564,2,0.0
674,849,2,0.0
849,674,2,0.0
332,660,2,0.0
660,332,2,0.0
332,668,2,0.0
668,332,2,0.0
332,938,2,0.0
938,332,2,0.0
660,668,2,0.0
668,660,2,0.0
660,938,2,0.0
938,660,2,0.0
668,938,2,0.0
938,668,2,0.0
350,801,2,0.0
801,350,2,0.0
1198,1357,2,0.0
1357,1198,2,0.0
1198,669,2,0.0
669,1198,2,0.0
1357,669,2,0.0
669,1357,2,0.0
1128,899,2,0.0
899,1128,2,0.0
40,952,2,0.0
952,40,2,0.0
1007,353,2,0.0
353,1007,2,0.0
1007,52,2,0.0
52,1007,2,0.0
1007,696,2,0.0
696,1007,2,0.0
1007,705,2,0.0
705,1007,2,0.0
353,52,2,0.0
52,353,2,0.0
353,696,2,0.0
696,353,2,0.0
353,705,2,0.0
705,353,2,0.0
52,696,2,0.0
696,52,2,0.0
52,705,2,0.0
705,52,2,0.0
696,705,2,0.0
705,696,2,0.0
1207,1334,2,0.0
1334,1207,2,0.0
1207,1354,2,0.0
1354,1207,2,0.0
1207,164,2,0.0
164,1207,2,0.0
1207,689,2,0.0
689,1207,2,0.0
1334,1354,2,0.0
1354,1334,2,0.0
1334,164,2,0.0
164,1334,2,0.0
1334,689,2,0.0
689,1334,2,0.0
1354,164,2,0.0
164,1354,2,0.0
1354,689,2,0.0
689,1354,2,0.0
164,689,2,0.0
689,164,2,0.0
120,479,2,0.0
479,120,2,0.0
1339,512,2,0.0
512,1339,2,0.0
1339,737,2,0.0
737,1339,2,0.0
512,737,2,0.0
737,512,2,0.0
243,426,2,0.0
426,243,2,0.0
243,944,2,0.0
944,243,2,0.0
426,944,2,0.0
944,426,2,0.0
264,543,2,0.0
543,264,2,0.0
1030,252,2,0.0
252,1030,2,0.0
1030,42,2,0.0
42,1030,2,0.0
252,42,2,0.0
42,252,2,0.0
1081,31,2,0.0
31,1081,2,0.0
1014,1209,2,0.0
1209,1014,2,0.0
1014,677,2,0.0
677,1014,2,0.0
1209,677,2,0.0
677,1209,2,0.0
337,440,2,0.0
440,337,2,0.0
337,517,2,0.0
517,337,2,0.0
337,667,2,0.0
667,337,2,0.0
337,8,2,0.0
8,337,2,0.0
337,810,2,0.0
810,337,2,0.0
337,853,2,0.0
853,337,2,0.0
337,911,2,0.0
911,337,2,0.0
337,943,2,0.0
943,337,2,0.0
440,517,2,0.0
517,440,2,0.0
440,667,2,0.0
667,440,2,0.0
440,8,2,0.0
8,440,2,0.0
440,810,2,0.0
810,440,2,0.0
440,853,2,0.0
853,440,2,0.0
440,911,2,0.0
911,440,2,0.0
440,943,2,0.0
943,440,2,0.0
517,667,2,0.0
667,517,2,0.0
517,8,2,0.0
8,517,2,0.0
517,810,2,0.0
810,517,2,0.0
517,853,2,0.0
853,517,2,0.0
517,911,2,0.0
911,517,2,0.0
517,943,2,0.0
943,517,2,0.0
667,8,2,0.0
8,667,2,0.0
667,810,2,0.0
810,667,2,0.0
667,853,2,0.0
853,667,2,0.0
667,911,2,0.0
911,667,2,0.0
667,943,2,0.0
943,667,2,0.0
8,810,2,0.0
810,8,2,0.0
8,853,2,0.0
853,8,2,0.0
8,911,2,0.0
911,8,2,0.0
8,943,2,0.0
943,8,2,0.0
810,853,2,0.0
853,810,2,0.0
810,911,2,0.0
911,810,2,0.0
810,943,2,0.0
943,810,2,0.0
853,911,2,0.0
911,853,2,0.0
853,943,2,0.0
943,853,2,0.0
911,943,2,0.0
943,911,2,0.0
1078,14,2,0.0
14,1078,2,0.0
1078,968,2,0.0
968,1078,2,0.0
14,968,2,0.0
968,14,2,0.0
308,446,2,0.0
446,308,2,0.0
1137,1196,2,0.0
1196,1137,2,0.0
1137,1367,2,0.0
1367,1137,2,0.0
1137,141,2,0.0
141,1137,2,0.0
1137,150,2,0.0
150,1137,2,0.0
1137,568,2,0.0
568,1137,2,0.0
1137,782,2,0.0
782,1137,2,0.0
1196,1367,2,0.0
1367,1196,2,0.0
1196,141,2,0.0
141,1196,2,0.0
1196,150,2,0.0
150,1196,2,0.0
1196,568,2,0.0
568,1196,2,0.0
1196,782,2,0.0
782,1196,2,0.0
1367,141,2,0.0
141,1367,2,0.0
1367,150,2,0.0
150,1367,2,0.0
1367,568,2,0.0
568,1367,2,0.0
1367,782,2,0.0
782,1367,2,0.0
141,150,2,0.0
150,141,2,0.0
141,568,2,0.0
568,141,2,0.0
141,782,2,0.0
782,141,2,0.0
150,568,2,0.0
568,150,2,0.0
150,782,2,0.0
782,150,2,0.0
568,782,2,0.0
782,568,2,0.0
1237,563,2,0.0
563,1237,2,0.0
1237,870,2,0.0
870,1237,2,0.0
563,870,2,0.0
870,563,2,0.0
1035,1320,2,0.0
1320,1035,2,0.0
1035,358,2,0.0
358,1035,2,0.0
1320,358,2,0.0
358,1320,2,0.0
1350,906,2,0.0
906,1350,2,0.0
372,485,2,0.0
485,372,2,0.0
831,975,2,0.0
975,831,2,0.0
1017,1116,2,0.0
1116,1017,2,0.0
1017,555,2,0.0
555,1017,2,0.0
1017,670,2,0.0
670,1017,2,0.0
1116,555,2,0.0
555,1116,2,0.0
1116,670,2,0.0
670,1116,2,0.0
555,670,2,0.0
670,555,2,0.0
1400,935,2,0.0
935,1400,2,0.0
1073,381,2,0.0
381,1073,2,0.0
1062,1240,2,0.0
1240,1062,2,0.0
1062,217,2,0.0
217,1062,2,0.0
1240,217,2,0.0
217,1240,2,0.0
600,839,2,0.0
839,600,2,0.0
392,423,2,0.0
423,392,2,0.0
392,741,2,0.0
741,392,2,0.0
392,76,2,0.0
76,392,2,0.0
392,830,2,0.0
830,392,2,0.0
423,741,2,0.0
741,423,2,0.0
423,76,2,0.0
76,423,2,0.0
423,830,2,0.0
830,423,2,0.0
741,76,2,0.0
76,741,2,0.0
741,830,2,0.0
830,741,2,0.0
76,830,2,0.0
830,76,2,0.0
1274,649,2,0.0
649,1274,2,0.0
136,212,2,0.0
212,136,2,0.0
1264,365,2,0.0
365,1264,2,0.0
1264,64,2,0.0
64,1264,2,0.0
365,64,2,0.0
64,365,2,0.0
1268,549,2,0.0
549,1268,2,0.0
103,986,2,0.0
986,103,2,0.0
1317,386,2,0.0
386,1317,2,0.0
360,556,2,0.0
556,360,2,0.0
682,823,2,0.0
823,682,2,0.0
253,303,2,0.0
303,253,2,0.0
253,36,2,0.0
36,253,2,0.0
253,654,2,0.0
654,253,2,0.0
253,726,2,0.0
726,253,2,0.0
253,982,2,0.0
982,253,2,0.0
253,988,2,0.0
988,253,2,0.0
303,36,2,0.0
36,303,2,0.0
303,654,2,0.0
654,303,2,0.0
303,726,2,0.0
726,303,2,0.0
303,982,2,0.0
982,303,2,0.0
303,988,2,0.0
988,303,2,0.0
36,654,2,0.0
654,36,2,0.0
36,726,2,0.0
726,36,2,0.0
36,982,2,0.0
982,36,2,0.0
36,988,2,0.0
988,36,2,0.0
654,726,2,0.0
726,654,2,0.0
654,982,2,0.0
982,654,2,0.0
654,988,2,0.0
988,654,2,0.0
726,982,2,0.0
982,726,2,0.0
726,988,2,0.0
988,726,2,0.0
982,988,2,0.0
988,982,2,0.0
1117,1206,2,0.0
1206,1117,2,0.0
1117,514,2,0.0
514,1117,2,0.0
1206,514,2,0.0
514,1206,2,0.0
731,736,2,0.0
736,731,2,0.0
731,871,2,0.0
871,731,2,0.0
731,965,2,0.0
965,731,2,0.0
736,871,2,0.0
871,736,2,0.0
736,965,2,0.0
965,736,2,0.0
871,965,2,0.0
965,871,2,0.0
286,341,2,0.0
341,286,2,0.0
286,53,2,0.0
53,286,2,0.0
286,595,2,0.0
595,286,2,0.0
286,824,2,0.0
824,286,2,0.0
286,828,2,0.0
828,286,2,0.0
286,918,2,0.0
918,286,2,0.0
286,921,2,0.0
921,286,2,0.0
341,53,2,0.0
53,341,2,0.0
341,595,2,0.0
595,341,2,0.0
341,824,2,0.0
824,341,2,0.0
341,828,2,0.0
828,341,2,0.0
341,918,2,0.0
918,341,2,0.0
341,921,2,0.0
921,341,2,0.0
53,595,2,0.0
595,53,2,0.0
53,824,2,0.0
824,53,2,0.0
53,828,2,0.0
828,53,2,0.0
53,918,2,0.0
918,53,2,0.0
53,921,2,0.0
921,53,2,0.0
595,824,2,0.0
824,595,2,0.0
595,828,2,0.0
828,595,2,0.0
595,918,2,0.0
918,595,2,0.0
595,921,2,0.0
921,595,2,0.0
824,828,2,0.0
828,824,2,0.0
824,918,2,0.0
918,824,2,0.0
824,921,2,0.0
921,824,2,0.0
828,918,2,0.0
918,828,2,0.0
828,921,2,0.0
921,828,2,0.0
918,921,2,0.0
921,918,2,0.0
145,777,2,0.0
777,145,2,0.0
173,425,2,0.0
425,173,2,0.0
173,826,2,0.0
826,173,2,0.0
425,826,2,0.0
826,425,2,0.0
1138,1192,2,0.0
1192,1138,2,0.0
1138,369,2,0.0
369,1138,2,0.0
1138,414,2,0.0
414,1138,2,0.0
1138,473,2,0.0
473,1138,2,0.0
1138,569,2,0.0
569,1138,2,0.0
1138,79,2,0.0
79,1138,2,0.0
1138,861,2,0.0
861,1138,2,0.0
1192,369,2,0.0
369,1192,2,0.0
1192,414,2,0.0
414,1192,2,0.0
1192,473,2,0.0
473,1192,2,0.0
1192,569,2,0.0
569,1192,2,0.0
1192,79,2,0.0
79,1192,2,0.0
1192,861,2,0.0
861,1192,2,0.0
369,414,2,0.0
414,369,2,0.0
369,473,2,0.0
473,369,2,0.0
369,569,2,0.0
569,369,2,0.0
369,79,2,0.0
79,369,2,0.0
369,861,2,0.0
861,369,2,0.0
414,473,2,0.0
473,414,2,0.0
414,569,2,0.0
569,414,2,0.0
414,79,2,0.0
79,414,2,0.0
414,861,2,0.0
861,414,2,0.0
473,569,2,0.0
569,473,2,0.0
473,79,2,0.0
79,473,2,0.0
473,861,2,0.0
861,473,2,0.0
569,79,2,0.0
79,569,2,0.0
569,861,2,0.0
861,569,2,0.0
79,861,2,0.0
861,79,2,0.0
108,43,2,0.0
43,108,2,0.0
1150,121,2,0.0
121,1150,2,0.0
24,640,2,0.0
640,24,2,0.0
24,820,2,0.0
820,24,2,0.0
640,820,2,0.0
820,640,2,0.0
290,503,2,0.0
503,290,2,0.0
1313,25,2,0.0
25,1313,2,0.0
1313,629,2,0.0
629,1313,2,0.0
1313,939,2,0.0
939,1313,2,0.0
25,629,2,0.0
629,25,2,0.0
25,939,2,0.0
939,25,2,0.0
629,939,2,0.0
939,629,2,0.0
208,74,2,0.0
74,208,2,0.0
1034,1239,2,0.0
1239,1034,2,0.0
1034,127,2,0.0
127,1034,2,0.0
1034,382,2,0.0
382,1034,2,0.0
1034,533,2,0.0
533,1034,2,0.0
1239,127,2,0.0
127,1239,2,0.0
1239,382,2,0.0
382,1239,2,0.0
1239,533,2,0.0
533,1239,2,0.0
127,382,2,0.0
382,127,2,0.0
127,533,2,0.0
533,127,2,0.0
382,533,2,0.0
533,382,2,0.0
1394,185,2,0.0
185,1394,2,0.0
1371,950,2,0.0
950,1371,2,0.0
1088,1103,2,0.0
1103,1088,2,0.0
1088,192,2,0.0
192,1088,2,0.0
1088,437,2,0.0
437,1088,2,0.0
1088,887,2,0.0
887,1088,2,0.0
1103,192,2,0.0
192,1103,2,0.0
1103,437,2,0.0
437,1103,2,0.0
1103,887,2,0.0
887,1103,2,0.0
192,437,2,0.0
437,192,2,0.0
192,887,2,0.0
887,192,2,0.0
437,887,2,0.0
887,437,2,0.0
557,832,2,0.0
832,557,2,0.0
338,671,2,0.0
671,338,2,0.0
310,394,2,0.0
394,310,2,0.0
310,490,2,0.0
490,310,2,0.0
310,638,2,0.0
638,310,2,0.0
310,700,2,0.0
700,310,2,0.0
394,490,2,0.0
490,394,2,0.0
394,638,2,0.0
638,394,2,0.0
394,700,2,0.0
700,394,2,0.0
490,638,2,0.0
638,490,2,0.0
490,700,2,0.0
700,490,2,0.0
638,700,2,0.0
700,638,2,0.0
1050,1054,2,0.0
1054,1050,2,0.0
1050,1098,2,0.0
1098,1050,2,0.0
1050,1105,2,0.0
1105,1050,2,0.0
1050,1113,2,0.0
1113,1050,2,0.0
1050,1127,2,0.0
1127,1050,2,0.0
1050,12,2,0.0
12,1050,2,0.0
1050,1228,2,0.0
1228,1050,2,0.0
1050,1336,2,0.0
1336,1050,2,0.0
1050,170,2,0.0
170,1050,2,0.0
1050,26,2,0.0
26,1050,2,0.0
1050,260,2,0.0
260,1050,2,0.0
1050,268,2,0.0
268,1050,2,0.0
1050,322,2,0.0
322,1050,2,0.0
1050,406,2,0.0
406,1050,2,0.0
1050,792,2,0.0
792,1050,2,0.0
1050,793,2,0.0
793,1050,2,0.0
1050,84,2,0.0
84,1050,2,0.0
1050,884,2,0.0
884,1050,2,0.0
1050,919,2,0.0
919,1050,2,0.0
1050,998,2,0.0
998,1050,2,0.0
1054,1098,2,0.0
1098,1054,2,0.0
1054,1105,2,0.0
1105,1054,2,0.0
1054,1113,2,0.0
1113,1054,2,0.0
1054,1127,2,0.0
1127,1054,2,0.0
1054,12,2,0.0
12,1054,2,0.0
1054,1228,2,0.0
1228,1054,2,0.0
1054,1336,2,0.0
1336,1054,2,0.0
1054,170,2,0.0
170,1054,2,0.0
1054,26,2,0.0
26,1054,2,0.0
1054,260,2,0.0
260,1054,2,0.0
1054,268,2,0.0
268,1054,2,0.0
1054,322,2,0.0
322,1054,2,0.0
1054,406,2,0.0
406,1054,2,0.0
1054,792,2,0.0
792,1054,2,0.0
1054,793,2,0.0
793,1054,2,0.0
1054,84,2,0.0
84,1054,2,0.0
1054,884,2,0.0
884,1054,2,0.0
1054,919,2,0.0
919,1054,2,0.0
1054,998,2,0.0
998,1054,2,0.0
1098,1105,2,0.0
1105,1098,2,0.0
1098,1113,2,0.0
1113,1098,2,0.0
1098,1127,2,0.0
1127,1098,2,0.0
1098,12,2,0.0
12,1098,2,0.0
1098,1228,2,0.0
1228,1098,2,0.0
1098,1336,2,0.0
1336,1098,2,0.0
1098,170,2,0.0
170,1098,2,0.0
1098,26,2,0.0
26,1098,2,0.0
1098,260,2,0.0
260,1098,2,0.0
1098,268,2,0.0
268,1098,2,0.0
1098,322,2,0.0
322,1098,2,0.0
1098,406,2,0.0
406,1098,2,0.0
1098,792,2,0.0
792,1098,2,0.0
1098,793,2,0.0
793,1098,2,0.0
1098,84,2,0.0
84,1098,2,0.0
1098,884,2,0.0
884,1098,2,0.0
1098,919,2,0.0
919,1098,2,0.0
1098,998,2,0.0
998,1098,2,0.0
1105,1113,2,0.0
1113,1105,2,0.0
1105,1127,2,0.0
1127,1105,2,0.0
1105,12,2,0.0
12,1105,2,0.0
1105,1228,2,0.0
1228,1105,2,0.0
1105,1336,2,0.0
1336,1105,2,0.0
1105,170,2,0.0
170,1105,2,0.0
1105,26,2,0.0
26,1105,2,0.0
1105,260,2,0.0
260,1105,2,0.0
1105,268,2,0.0
268,1105,2,0.0
1105,322,2,0.0
322,1105,2,0.0
1105,406,2,0.0
406,1105,2,0.0
1105,792,2,0.0
792,1105,2,0.0
1105,793,2,0.0
793,1105,2,0.0
1105,84,2,0.0
84,1105,2,0.0
1105,884,2,0.0
884,1105,2,0.0
1105,919,2,0.0
919,1105,2,0.0
1105,998,2,0.0
998,1105,2,0.0
1113,1127,2,0.0
1127,1113,2,0.0
1113,12,2,0.0
12,1113,2,0.0
1113,1228,2,0.0
1228,1113,2,0.0
1113,1336,2,0.0
1336,1113,2,0.0
1113,170,2,0.0
170,1113,2,0.0
1113,26,2,0.0
26,1113,2,0.0
1113,260,2,0.0
260,1113,2,0.0
1113,268,2,0.0
268,1113,2,0.0
1113,322,2,0.0
322,1113,2,0.0
1113,406,2,0.0
406,1113,2,0.0
1113,792,2,0.0
792,1113,2,0.0
1113,793,2,0.0
793,1113,2,0.0
1113,84,2,0.0
84,1113,2,0.0
1113,884,2,0.0
884,1113,2,0.0
1113,919,2,0.0
919,1113,2,0.0
1113,998,2,0.0
998,1113,2,0.0
1127,12,2,0.0
12,1127,2,0.0
1127,1228,2,0.0
1228,1127,2,0.0
1127,1336,2,0.0
1336,1127,2,0.0
1127,170,2,0.0
170,1127,2,0.0
1127,26,2,0.0
26,1127,2,0.0
1127,260,2,0.0
260,1127,2,0.0
1127,268,2,0.0
268,1127,2,0.0
1127,322,2,0.0
322,1127,2,0.0
1127,406,2,0.0
406,1127,2,0.0
1127,792,2,0.0
792,1127,2,0.0
1127,793,2,0.0
793,1127,2,0.0
1127,84,2,0.0
84,1127,2,0.0
1127,884,2,0.0
884,1127,2,0.0
1127,919,2,0.0
919,1127,2,0.0
1127,998,2,0.0
998,1127,2,0.0
12,1228,2,0.0
1228,12,2,0.0
12,1336,2,0.0
1336,12,2,0.0
12,170,2,0.0
170,12,2,0.0
12,26,2,0.0
26,12,2,0.0
12,260,2,0.0
260,12,2,0.0
12,268,2,0.0
268,12,2,0.0
12,322,2,0.0
322,12,2,0.0
12,406,2,0.0
406,12,2,0.0
12,792,2,0.0
792,12,2,0.0
12,793,2,0.0
793,12,2,0.0
12,84,2,0.0
84,12,2,0.0
12,884,2,0.0
884,12,2,0.0
12,919,2,0.0
919,12,2,0.0
12,998,2,0.0
998,12,2,0.0
1228,1336,2,0.0
1336,1228,2,0.0
1228,170,2,0.0
170,1228,2,0.0
1228,26,2,0.0
26,1228,2,0.0
1228,260,2,0.0
260,1228,2,0.0
1228,268,2,0.0
268,1228,2,0.0
1228,322,2,0.0
322,1228,2,0.0
1228,406,2,0.0
406,1228,2,0.0
1228,792,2,0.0
792,1228,2,0.0
1228,793,2,0.0
793,1228,2,0.0
1228,84,2,0.0
84,1228,2,0.0
1228,884,2,0.0
884,1228,2,0.0
1228,919,2,0.0
919,1228,2,0.0
1228,998,2,0.0
998,1228,2,0.0
1336,170,2,0.0
170,1336,2,0.0
1336,26,2,0.0
26,1336,2,0.0
1336,260,2,0.0
260,1336,2,0.0
1336,268,2,0.0
268,1336,2,0.0
1336,322,2,0.0
322,1336,2,0.0
1336,406,2,0.0
406,1336,2,0.0
1336,792,2,0.0
792,1336,2,0.0
1336,793,2,0.0
793,1336,2,0.0
1336,84,2,0.0
84,1336,2,0.0
1336,884,2,0.0
884,1336,2,0.0
1336,919,2,0.0
919,1336,2,0.0
1336,998,2,0.0
998,1336,2,0.0
170,26,2,0.0
26,170,2,0.0
170,260,2,0.0
260,170,2,0.0
170,268,2,0.0
268,170,2,0.0
170,322,2,0.0
322,170,2,0.0
170,406,2,0.0
406,170,2,0.0
170,792,2,0.0
792,170,2,0.0
170,793,2,0.0
793,170,2,0.0
170,84,2,0.0
84,170,2,0.0
170,884,2,0.0
884,170,2,0.0
170,919,2,0.0
919,170,2,0.0
170,998,2,0.0
998,170,2,0.0
26,260,2,0.0
260,26,2,0.0
26,268,2,0.0
268,26,2,0.0
26,322,2,0.0
322,26,2,0.0
26,406,2,0.0
406,26,2,0.0
26,792,2,0.0
792,26,2,0.0
26,793,2,0.0
793,26,2,0.0
26,84,2,0.0
84,26,2,0.0
26,884,2,0.0
884,26,2,0.0
26,919,2,0.0
919,26,2,0.0
26,998,2,0.0
998,26,2,0.0
260,268,2,0.0
268,260,2,0.0
260,322,2,0.0
322,260,2,0.0
260,406,2,0.0
406,260,2,0.0
260,792,2,0.0
792,260,2,0.0
260,793,2,0.0
793,260,2,0.0
260,84,2,0.0
84,260,2,0.0
260,884,2,0.0
884,260,2,0.0
260,919,2,0.0
919,260,2,0.0
260,998,2,0.0
998,260,2,0.0
268,322,2,0.0
322,268,2,0.0
268,406,2,0.0
406,268,2,0.0
268,792,2,0.0
792,268,2,0.0
268,793,2,0.0
793,268,2,0.0
268,84,2,0.0
84,268,2,0.0
268,884,2,0.0
884,268,2,0.0
268,919,2,0.0
919,268,2,0.0
268,998,2,0.0
998,268,2,0.0
322,406,2,0.0
406,322,2,0.0
322,792,2,0.0
792,322,2,0.0
322,793,2,0.0
793,322,2,0.0
322,84,2,0.0
84,322,2,0.0
322,884,2,0.0
884,322,2,0.0
322,919,2,0.0
919,322,2,0.0
322,998,2,0.0
998,322,2,0.0
406,792,2,0.0
792,406,2,0.0
406,793,2,0.0
793,406,2,0.0
406,84,2,0.0
84,406,2,0.0
406,884,2,0.0
884,406,2,0.0
406,919,2,0.0
919,406,2,0.0
406,998,2,0.0
998,406,2,0.0
792,793,2,0.0
793,792,2,0.0
792,84,2,0.0
84,792,2,0.0
792,884,2,0.0
884,792,2,0.0
792,919,2,0.0
919,792,2,0.0
792,998,2,0.0
998,792,2,0.0
793,84,2,0.0
84,793,2,0.0
793,884,2,0.0
884,793,2,0.0
793,919,2,0.0
919,793,2,0.0
793,998,2,0.0
998,793,2,0.0
84,884,2,0.0
884,84,2,0.0
84,919,2,0.0
919,84,2,0.0
84,998,2,0.0
998,84,2,0.0
884,919,2,0.0
919,884,2,0.0
884,998,2,0.0
998,884,2,0.0
919,998,2,0.0
998,919,2,0.0
558,617,2,0.0
617,558,2,0.0
1262,149,2,0.0
149,1262,2,0.0
587,643,2,0.0
643,587,2,0.0
587,995,2,0.0
995,587,2,0.0
643,995,2,0.0
995,643,2,0.0
1397,573,2,0.0
573,1397,2,0.0
1397,735,2,0.0
735,1397,2,0.0
573,735,2,0.0
735,573,2,0.0
1059,1388,2,0.0
1388,1059,2,0.0
1059,728,2,0.0
728,1059,2,0.0
1388,728,2,0.0
728,1388,2,0.0
1387,374,2,0.0
374,1387,2,0.0
1387,420,2,0.0
420,1387,2,0.0
1387,877,2,0.0
877,1387,2,0.0
374,420,2,0.0
420,374,2,0.0
374,877,2,0.0
877,374,2,0.0
420,877,2,0.0
877,420,2,0.0
416,933,2,0.0
933,416,2,0.0
112,1399,2,0.0
1399,112,2,0.0
112,225,2,0.0
225,112,2,0.0
112,713,2,0.0
713,112,2,0.0
1399,225,2,0.0
225,1399,2,0.0
1399,713,2,0.0
713,1399,2,0.0
225,713,2,0.0
713,225,2,0.0
1308,478,2,0.0
478,1308,2,0.0
377,924,2,0.0
924,377,2,0.0
805,994,2,0.0
994,805,2,0.0
1015,1304,2,0.0
1304,1015,2,0.0
1015,154,2,0.0
154,1015,2,0.0
1015,266,2,0.0
266,1015,2,0.0
1015,510,2,0.0
510,1015,2,0.0
1015,621,2,0.0
621,1015,2,0.0
1304,154,2,0.0
154,1304,2,0.0
1304,266,2,0.0
266,1304,2,0.0
1304,510,2,0.0
510,1304,2,0.0
1304,621,2,0.0
621,1304,2,0.0
154,266,2,0.0
266,154,2,0.0
154,510,2,0.0
510,154,2,0.0
154,621,2,0.0
621,154,2,0.0
266,510,2,0.0
510,266,2,0.0
266,621,2,0.0
621,266,2,0.0
510,621,2,0.0
621,510,2,0.0
176,345,2,0.0
345,176,2,0.0
176,940,2,0.0
940,176,2,0.0
345,940,2,0.0
940,345,2,0.0
1211,513,2,0.0
513,1211,2,0.0
470,955,2,0.0
955,470,2,0.0
1091,1355,2,0.0
1355,1091,2,0.0
1091,829,2,0.0
829,1091,2,0.0
1355,829,2,0.0
829,1355,2,0.0
561,60,2,0.0
60,561,2,0.0
561,776,2,0.0
776,561,2,0.0
60,776,2,0.0
776,60,2,0.0
1200,276,2,0.0
276,1200,2,0.0
181,880,2,0.0
880,181,2,0.0
21,781,2,0.0
781,21,2,0.0
21,841,2,0.0
841,21,2,0.0
781,841,2,0.0
841,781,2,0.0
1068,1282,2,0.0
1282,1068,2,0.0
1068,155,2,0.0
155,1068,2,0.0
1068,197,2,0.0
197,1068,2,0.0
1068,284,2,0.0
284,1068,2,0.0
1068,447,2,0.0
447,1068,2,0.0
1068,578,2,0.0
578,1068,2,0.0
1068,797,2,0.0
797,1068,2,0.0
1282,155,2,0.0
155,1282,2,0.0
1282,197,2,0.0
197,1282,2,0.0
1282,284,2,0.0
284,1282,2,0.0
1282,447,2,0.0
447,1282,2,0.0
1282,578,2,0.0
578,1282,2,0.0
1282,797,2,0.0
797,1282,2,0.0
155,197,2,0.0
197,155,2,0.0
155,284,2,0.0
284,155,2,0.0
155,447,2,0.0
447,155,2,0.0
155,578,2,0.0
578,155,2,0.0
155,797,2,0.0
797,155,2,0.0
197,284,2,0.0
284,197,2,0.0
197,447,2,0.0
447,197,2,0.0
197,578,2,0.0
578,197,2,0.0
197,797,2,0.0
797,197,2,0.0
284,447,2,0.0
447,284,2,0.0
284,578,2,0.0
578,284,2,0.0
284,797,2,0.0
797,284,2,0.0
447,578,2,0.0
578,447,2,0.0
447,797,2,0.0
797,447,2,0.0
578,797,2,0.0
797,578,2,0.0
504,910,2,0.0
910,504,2,0.0
1223,1288,2,0.0
1288,1223,2,0.0
1223,951,2,0.0
951,1223,2,0.0
1288,951,2,0.0
951,1288,2,0.0
1020,1226,2,0.0
1226,1020,2,0.0
1020,427,2,0.0
427,1020,2,0.0
1020,523,2,0.0
523,1020,2,0.0
1020,642,2,0.0
642,1020,2,0.0
1020,693,2,0.0
693,1020,2,0.0
1020,749,2,0.0
749,1020,2,0.0
1020,844,2,0.0
844,1020,2,0.0
1020,875,2,0.0
875,1020,2,0.0
1020,931,2,0.0
931,1020,2,0.0
1226,427,2,0.0
427,1226,2,0.0
1226,523,2,0.0
523,1226,2,0.0
1226,642,2,0.0
642,1226,2,0.0
1226,693,2,0.0
693,1226,2,0.0
1226,749,2,0.0
749,1226,2,0.0
1226,844,2,0.0
844,1226,2,0.0
1226,875,2,0.0
875,1226,2,0.0
1226,931,2,0.0
931,1226,2,0.0
427,523,2,0.0
523,427,2,0.0
427,642,2,0.0
642,427,2,0.0
427,693,2,0.0
693,427,2,0.0
427,749,2,0.0
749,427,2,0.0
427,844,2,0.0
844,427,2,0.0
427,875,2,0.0
875,427,2,0.0
427,931,2,0.0
931,427,2,0.0
523,642,2,0.0
642,523,2,0.0
523,693,2,0.0
693,523,2,0.0
523,749,2,0.0
749,523,2,0.0
523,844,2,0.0
844,523,2,0.0
523,875,2,0.0
875,523,2,0.0
523,931,2,0.0
931,523,2,0.0
642,693,2,0.0
693,642,2,0.0
642,749,2,0.0
749,642,2,0.0
642,844,2,0.0
844,642,2,0.0
642,875,2,0.0
875,642,2,0.0
642,931,2,0.0
931,642,2,0.0
693,749,2,0.0
749,693,2,0.0
693,844,2,0.0
844,693,2,0.0
693,875,2,0.0
875,693,2,0.0
693,931,2,0.0
931,693,2,0.0
749,844,2,0.0
844,749,2,0.0
749,875,2,0.0
875,749,2,0.0
749,931,2,0.0
931,749,2,0.0
844,875,2,0.0
875,844,2,0.0
844,931,2,0.0
931,844,2,0.0
875,931,2,0.0
931,875,2,0.0
1022,1291,2,0.0
1291,1022,2,0.0
1022,396,2,0.0
396,1022,2,0.0
1022,571,2,0.0
571,1022,2,0.0
1291,396,2,0.0
396,1291,2,0.0
1291,571,2,0.0
571,1291,2,0.0
396,571,2,0.0
571,396,2,0.0
1245,1348,2,0.0
1348,1245,2,0.0
1003,1155,2,0.0
1155,1003,2,0.0
1003,391,2,0.0
391,1003,2,0.0
1155,391,2,0.0
391,1155,2,0.0
109,1366,2,0.0
1366,109,2,0.0
109,16,2,0.0
16,109,2,0.0
109,166,2,0.0
166,109,2,0.0
109,257,2,0.0
257,109,2,0.0
109,307,2,0.0
307,109,2,0.0
109,312,2,0.0
312,109,2,0.0
109,361,2,0.0
361,109,2,0.0
109,432,2,0.0
432,109,2,0.0
109,433,2,0.0
433,109,2,0.0
109,525,2,0.0
525,109,2,0.0
109,711,2,0.0
711,109,2,0.0
109,734,2,0.0
734,109,2,0.0
109,961,2,0.0
961,109,2,0.0
1366,16,2,0.0
16,1366,2,0.0
1366,166,2,0.0
166,1366,2,0.0
1366,257,2,0.0
257,1366,2,0.0
1366,307,2,0.0
307,1366,2,0.0
1366,312,2,0.0
312,1366,2,0.0
1366,361,2,0.0
361,1366,2,0.0
1366,432,2,0.0
432,1366,2,0.0
1366,433,2,0.0
433,1366,2,0.0
1366,525,2,0.0
525,1366,2,0.0
1366,711,2,0.0
711,1366,2,0.0
1366,734,2,0.0
734,1366,2,0.0
1366,961,2,0.0
961,1366,2,0.0
16,166,2,0.0
166,16,2,0.0
16,257,2,0.0
257,16,2,0.0
16,307,2,0.0
307,16,2,0.0
16,312,2,0.0
312,16,2,0.0
16,361,2,0.0
361,16,2,0.0
16,432,2,0.0
432,16,2,0.0
16,433,2,0.0
433,16,2,0.0
16,525,2,0.0
525,16,2,0.0
16,711,2,0.0
711,16,2,0.0
16,734,2,0.0
734,16,2,0.0
16,961,2,0.0
961,16,2,0.0
166,257,2,0.0
257,166,2,0.0
166,307,2,0.0
307,166,2,0.0
166,312,2,0.0
312,166,2,0.0
166,361,2,0.0
361,166,2,0.0
166,432,2,0.0
432,166,2,0.0
166,433,2,0.0
433,166,2,0.0
166,525,2,0.0
525,166,2,0.0
166,711,2,0.0
711,166,2,0.0
166,734,2,0.0
734,166,2,0.0
166,961,2,0.0
961,166,2,0.0
257,307,2,0.0
307,257,2,0.0
257,312,2,0.0
312,257,2,0.0
257,361,2,0.0
361,257,2,0.0
257,432,2,0.0
432,257,2,0.0
257,433,2,0.0
433,257,2,0.0
257,525,2,0.0
525,257,2,0.0
257,711,2,0.0
711,257,2,0.0
257,734,2,0.0
734,257,2,0.0
257,961,2,0.0
961,257,2,0.0
307,312,2,0.0
312,307,2,0.0
307,361,2,0.0
361,307,2,0.0
307,432,2,0.0
432,307,2,0.0
307,433,2,0.0
433,307,2,0.0
307,525,2,0.0
525,307,2,0.0
307,711,2,0.0
711,307,2,0.0
307,734,2,0.0
734,307,2,0.0
307,961,2,0.0
961,307,2,0.0
312,361,2,0.0
361,312,2,0.0
312,432,2,0.0
432,312,2,0.0
312,433,2,0.0
433,312,2,0.0
312,525,2,0.0
525,312,2,0.0
312,711,2,0.0
711,312,2,0.0
312,734,2,0.0
734,312,2,0.0
312,961,2,0.0
961,312,2,0.0
361,432,2,0.0
432,361,2,0.0
361,433,2,0.0
433,361,2,0.0
361,525,2,0.0
525,361,2,0.0
361,711,2,0.0
711,361,2,0.0
361,734,2,0.0
734,361,2,0.0
361,961,2,0.0
961,361,2,0.0
432,433,2,0.0
433,432,2,0.0
432,525,2,0.0
525,432,2,0.0
432,711,2,0.0
711,432,2,0.0
432,734,2,0.0
734,432,2,0.0
432,961,2,0.0
961,432,2,0.0
433,525,2,0.0
525,433,2,0.0
433,711,2,0.0
711,433,2,0.0
433,734,2,0.0
734,433,2,0.0
433,961,2,0.0
961,433,2,0.0
525,711,2,0.0
711,525,2,0.0
525,734,2,0.0
734,525,2,0.0
525,961,2,0.0
961,525,2,0.0
711,734,2,0.0
734,711,2,0.0
711,961,2,0.0
961,711,2,0.0
734,961,2,0.0
961,734,2,0.0
105,1297,2,0.0
1297,105,2,0.0
105,1322,2,0.0
1322,105,2,0.0
105,138,2,0.0
138,105,2,0.0
105,144,2,0.0
144,105,2,0.0
105,177,2,0.0
177,105,2,0.0
105,482,2,0.0
482,105,2,0.0
105,738,2,0.0
738,105,2,0.0
105,739,2,0.0
739,105,2,0.0
1297,1322,2,0.0
1322,1297,2,0.0
1297,138,2,0.0
138,1297,2,0.0
1297,144,2,0.0
144,1297,2,0.0
1297,177,2,0.0
177,1297,2,0.0
1297,482,2,0.0
482,1297,2,0.0
1297,738,2,0.0
738,1297,2,0.0
1297,739,2,0.0
739,1297,2,0.0
1322,138,2,0.0
138,1322,2,0.0
1322,144,2,0.0
144,1322,2,0.0
1322,177,2,0.0
177,1322,2,0.0
1322,482,2,0.0
482,1322,2,0.0
1322,738,2,0.0
738,1322,2,0.0
1322,739,2,0.0
739,1322,2,0.0
138,144,2,0.0
144,138,2,0.0
138,177,2,0.0
177,138,2,0.0
138,482,2,0.0
482,138,2,0.0
138,738,2,0.0
738,138,2,0.0
138,739,2,0.0
739,138,2,0.0
144,177,2,0.0
177,144,2,0.0
144,482,2,0.0
482,144,2,0.0
144,738,2,0.0
738,144,2,0.0
144,739,2,0.0
739,144,2,0.0
177,482,2,0.0
482,177,2,0.0
177,738,2,0.0
738,177,2,0.0
177,739,2,0.0
739,177,2,0.0
482,738,2,0.0
738,482,2,0.0
482,739,2,0.0
739,482,2,0.0
738,739,2,0.0
739,738,2,0.0
11,13,2,0.0
13,11,2,0.0
11,234,2,0.0
234,11,2,0.0
11,422,2,0.0
422,11,2,0.0
11,591,2,0.0
591,11,2,0.0
11,821,2,0.0
821,11,2,0.0
13,234,2,0.0
234,13,2,0.0
13,422,2,0.0
422,13,2,0.0
13,591,2,0.0
591,13,2,0.0
13,821,2,0.0
821,13,2,0.0
234,422,2,0.0
422,234,2,0.0
234,591,2,0.0
591,234,2,0.0
234,821,2,0.0
821,234,2,0.0
422,591,2,0.0
591,422,2,0.0
422,821,2,0.0
821,422,2,0.0
591,821,2,0.0
821,591,2,0.0
118,1343,2,0.0
1343,118,2,0.0
118,270,2,0.0
270,118,2,0.0
118,289,2,0.0
289,118,2,0.0
118,720,2,0.0
720,118,2,0.0
118,746,2,0.0
746,118,2,0.0
118,785,2,0.0
785,118,2,0.0
1343,270,2,0.0
270,1343,2,0.0
1343,289,2,0.0
289,1343,2,0.0
1343,720,2,0.0
720,1343,2,0.0
1343,746,2,0.0
746,1343,2,0.0
1343,785,2,0.0
785,1343,2,0.0
270,289,2,0.0
289,270,2,0.0
270,720,2,0.0
720,270,2,0.0
270,746,2,0.0
746,270,2,0.0
270,785,2,0.0
785,270,2,0.0
289,720,2,0.0
720,289,2,0.0
289,746,2,0.0
746,289,2,0.0
289,785,2,0.0
785,289,2,0.0
720,746,2,0.0
746,720,2,0.0
720,785,2,0.0
785,720,2,0.0
746,785,2,0.0
785,746,2,0.0
1277,200,2,0.0
200,1277,2,0.0
1277,387,2,0.0
387,1277,2,0.0
1277,565,2,0.0
565,1277,2,0.0
1277,690,2,0.0
690,1277,2,0.0
200,387,2,0.0
387,200,2,0.0
200,565,2,0.0
565,200,2,0.0
200,690,2,0.0
690,200,2,0.0
387,565,2,0.0
565,387,2,0.0
387,690,2,0.0
690,387,2,0.0
565,690,2,0.0
690,565,2,0.0
1001,1146,2,0.0
1146,1001,2,0.0
1001,311,2,0.0
311,1001,2,0.0
1001,393,2,0.0
393,1001,2,0.0
1001,5,2,0.0
5,1001,2,0.0
1001,597,2,0.0
597,1001,2,0.0
1001,675,2,0.0
675,1001,2,0.0
1001,685,2,0.0
685,1001,2,0.0
1001,87,2,0.0
87,1001,2,0.0
1001,979,2,0.0
979,1001,2,0.0
1146,311,2,0.0
311,1146,2,0.0
1146,393,2,0.0
393,1146,2,0.0
1146,5,2,0.0
5,1146,2,0.0
1146,597,2,0.0
597,1146,2,0.0
1146,675,2,0.0
675,1146,2,0.0
1146,685,2,0.0
685,1146,2,0.0
1146,87,2,0.0
87,1146,2,0.0
1146,979,2,0.0
979,1146,2,0.0
311,393,2,0.0
393,311,2,0.0
311,5,2,0.0
5,311,2,0.0
311,597,2,0.0
597,311,2,0.0
311,675,2,0.0
675,311,2,0.0
311,685,2,0.0
685,311,2,0.0
311,87,2,0.0
87,311,2,0.0
311,979,2,0.0
979,311,2,0.0
393,5,2,0.0
5,393,2,0.0
393,597,2,0.0
597,393,2,0.0
393,675,2,0.0
675,393,2,0.0
393,685,2,0.0
685,393,2,0.0
393,87,2,0.0
87,393,2,0.0
393,979,2,0.0
979,393,2,0.0
5,597,2,0.0
597,5,2,0.0
5,675,2,0.0
675,5,2,0.0
5,685,2,0.0
685,5,2,0.0
5,87,2,0.0
87,5,2,0.0
5,979,2,0.0
979,5,2,0.0
597,675,2,0.0
675,597,2,0.0
597,685,2,0.0
685,597,2,0.0
597,87,2,0.0
87,597,2,0.0
597,979,2,0.0
979,597,2,0.0
675,685,2,0.0
685,675,2,0.0
675,87,2,0.0
87,675,2,0.0
675,979,2,0.0
979,675,2,0.0
685,87,2,0.0
87,685,2,0.0
685,979,2,0.0
979,685,2,0.0
87,979,2,0.0
979,87,2,0.0
499,639,2,0.0
639,499,2,0.0
368,424,2,0.0
424,368,2,0.0
368,484,2,0.0
484,368,2,0.0
368,492,2,0.0
492,368,2,0.0
368,603,2,0.0
603,368,2,0.0
368,768,2,0.0
768,368,2,0.0
368,900,2,0.0
900,368,2,0.0
424,484,2,0.0
484,424,2,0.0
424,492,2,0.0
492,424,2,0.0
424,603,2,0.0
603,424,2,0.0
424,768,2,0.0
768,424,2,0.0
424,900,2,0.0
900,424,2,0.0
484,492,2,0.0
492,484,2,0.0
484,603,2,0.0
603,484,2,0.0
484,768,2,0.0
768,484,2,0.0
484,900,2,0.0
900,484,2,0.0
492,603,2,0.0
603,492,2,0.0
492,768,2,0.0
768,492,2,0.0
492,900,2,0.0
900,492,2,0.0
603,768,2,0.0
768,603,2,0.0
603,900,2,0.0
900,603,2,0.0
768,900,2,0.0
900,768,2,0.0
354,634,2,0.0
634,354,2,0.0
1232,294,2,0.0
294,1232,2,0.0
1232,976,2,0.0
976,1232,2,0.0
294,976,2,0.0
976,294,2,0.0
641,93,2,0.0
93,641,2,0.0
1172,703,2,0.0
703,1172,2,0.0
1172,835,2,0.0
835,1172,2,0.0
703,835,2,0.0
835,703,2,0.0
1386,402,2,0.0
402,1386,2,0.0
453,804,2,0.0
804,453,2,0.0
1287,321,2,0.0
321,1287,2,0.0
265,65,2,0.0
65,265,2,0.0
610,763,2,0.0
763,610,2,0.0
351,80,2,0.0
80,351,2,0.0
560,812,2,0.0
812,560,2,0.0
498,551,2,0.0
551,498,2,0.0
287,922,2,0.0
922,287,2,0.0
1220,526,2,0.0
526,1220,2,0.0
281,81,2,0.0
81,281,2,0.0
1368,46,2,0.0
46,1368,2,0.0
1047,295,2,0.0
295,1047,2,0.0
1047,413,2,0.0
413,1047,2,0.0
1047,579,2,0.0
579,1047,2,0.0
1047,850,2,0.0
850,1047,2,0.0
295,413,2,0.0
413,295,2,0.0
295,579,2,0.0
579,295,2,0.0
295,850,2,0.0
850,295,2,0.0
413,579,2,0.0
579,413,2,0.0
413,850,2,0.0
850,413,2,0.0
579,850,2,0.0
850,579,2,0.0
57,58,2,0.0
58,57,2,0.0
585,613,2,0.0
613,585,2,0.0
1356,97,2,0.0
97,1356,2,0.0
1275,583,2,0.0
583,1275,2,0.0
1102,395,2,0.0
395,1102,2,0.0
530,840,2,0.0
840,530,2,0.0
1077,1085,2,0.0
1085,1077,2,0.0
1093,1358,2,0.0
1358,1093,2,0.0
1093,148,2,0.0
148,1093,2,0.0
1093,205,2,0.0
205,1093,2,0.0
1093,343,2,0.0
343,1093,2,0.0
1093,407,2,0.0
407,1093,2,0.0
1093,476,2,0.0
476,1093,2,0.0
1093,662,2,0.0
662,1093,2,0.0
1093,723,2,0.0
723,1093,2,0.0
1093,77,2,0.0
77,1093,2,0.0
1093,773,2,0.0
773,1093,2,0.0
1093,896,2,0.0
896,1093,2,0.0
1093,953,2,0.0
953,1093,2,0.0
1358,148,2,0.0
148,1358,2,0.0
1358,205,2,0.0
205,1358,2,0.0
1358,343,2,0.0
343,1358,2,0.0
1358,407,2,0.0
407,1358,2,0.0
1358,476,2,0.0
476,1358,2,0.0
1358,662,2,0.0
662,1358,2,0.0
1358,723,2,0.0
723,1358,2,0.0
1358,77,2,0.0
77,1358,2,0.0
1358,773,2,0.0
773,1358,2,0.0
1358,896,2,0.0
896,1358,2,0.0
1358,953,2,0.0
953,1358,2,0.0
148,205,2,0.0
205,148,2,0.0
148,343,2,0.0
343,148,2,0.0
148,407,2,0.0
407,148,2,0.0
148,476,2,0.0
476,148,2,0.0
148,662,2,0.0
662,148,2,0.0
148,723,2,0.0
723,148,2,0.0
148,77,2,0.0
77,148,2,0.0
148,773,2,0.0
773,148,2,0.0
148,896,2,0.0
896,148,2,0.0
148,953,2,0.0
953,148,2,0.0
205,343,2,0.0
343,205,2,0.0
205,407,2,0.0
407,205,2,0.0
205,476,2,0.0
476,205,2,0.0
205,662,2,0.0
662,205,2,0.0
205,723,2,0.0
723,205,2,0.0
205,77,2,0.0
77,205,2,0.0
205,773,2,0.0
773,205,2,0.0
205,896,2,0.0
896,205,2,0.0
205,953,2,0.0
953,205,2,0.0
343,407,2,0.0
407,343,2,0.0
343,476,2,0.0
476,343,2,0.0
343,662,2,0.0
662,343,2,0.0
343,723,2,0.0
723,343,2,0.0
343,77,2,0.0
77,343,2,0.0
343,773,2,0.0
773,343,2,0.0
343,896,2,0.0
896,343,2,0.0
343,953,2,0.0
953,343,2,0.0
407,476,2,0.0
476,407,2,0.0
407,662,2,0.0
662,407,2,0.0
407,723,2,0.0
723,407,2,0.0
407,77,2,0.0
77,407,2,0.0
407,773,2,0.0
773,407,2,0.0
407,896,2,0.0
896,407,2,0.0
407,953,2,0.0
953,407,2,0.0
476,662,2,0.0
662,476,2,0.0
476,723,2,0.0
723,476,2,0.0
476,77,2,0.0
77,476,2,0.0
476,773,2,0.0
773,476,2,0.0
476,896,2,0.0
896,476,2,0.0
476,953,2,0.0
953,476,2,0.0
662,723,2,0.0
723,662,2,0.0
662,77,2,0.0
77,662,2,0.0
662,773,2,0.0
773,662,2,0.0
662,896,2,0.0
896,662,2,0.0
662,953,2,0.0
953,662,2,0.0
723,77,2,0.0
77,723,2,0.0
723,773,2,0.0
773,723,2,0.0
723,896,2,0.0
896,723,2,0.0
723,953,2,0.0
953,723,2,0.0
77,773,2,0.0
773,77,2,0.0
77,896,2,0.0
896,77,2,0.0
77,953,2,0.0
953,77,2,0.0
773,896,2,0.0
896,773,2,0.0
773,953,2,0.0
953,773,2,0.0
896,953,2,0.0
953,896,2,0.0
1046,708,2,0.0
708,1046,2,0.0
1046,895,2,0.0
895,1046,2,0.0
708,895,2,0.0
895,708,2,0.0
1129,1189,2,0.0
1189,1129,2,0.0
1129,1325,2,0.0
1325,1129,2,0.0
1129,1392,2,0.0
1392,1129,2,0.0
1129,582,2,0.0
582,1129,2,0.0
1129,745,2,0.0
745,1129,2,0.0
1129,867,2,0.0
867,1129,2,0.0
1189,1325,2,0.0
1325,1189,2,0.0
1189,1392,2,0.0
1392,1189,2,0.0
1189,582,2,0.0
582,1189,2,0.0
1189,745,2,0.0
745,1189,2,0.0
1189,867,2,0.0
867,1189,2,0.0
1325,1392,2,0.0
1392,1325,2,0.0
1325,582,2,0.0
582,1325,2,0.0
1325,745,2,0.0
745,1325,2,0.0
1325,867,2,0.0
867,1325,2,0.0
1392,582,2,0.0
582,1392,2,0.0
1392,745,2,0.0
745,1392,2,0.0
1392,867,2,0.0
867,1392,2,0.0
582,745,2,0.0
745,582,2,0.0
582,867,2,0.0
867,582,2,0.0
745,867,2,0.0
867,745,2,0.0
480,794,2,0.0
794,480,2,0.0
1285,366,2,0.0
366,1285,2,0.0
1045,147,2,0.0
147,1045,2,0.0
1045,218,2,0.0
218,1045,2,0.0
1045,452,2,0.0
452,1045,2,0.0
1045,536,2,0.0
536,1045,2,0.0
147,218,2,0.0
218,147,2,0.0
147,452,2,0.0
452,147,2,0.0
147,536,2,0.0
536,147,2,0.0
218,452,2,0.0
452,218,2,0.0
218,536,2,0.0
536,218,2,0.0
452,536,2,0.0
536,452,2,0.0
1026,1193,2,0.0
1193,1026,2,0.0
1026,637,2,0.0
637,1026,2,0.0
1026,692,2,0.0
692,1026,2,0.0
1026,771,2,0.0
771,1026,2,0.0
1193,637,2,0.0
637,1193,2,0.0
1193,692,2,0.0
692,1193,2,0.0
1193,771,2,0.0
771,1193,2,0.0
637,692,2,0.0
692,637,2,0.0
637,771,2,0.0
771,637,2,0.0
692,771,2,0.0
771,692,2,0.0
1295,227,2,0.0
227,1295,2,0.0
1337,889,2,0.0
889,1337,2,0.0
1084,1370,2,0.0
1370,1084,2,0.0
113,37,2,0.0
37,113,2,0.0
1346,1365,2,0.0
1365,1346,2,0.0
1346,483,2,0.0
483,1346,2,0.0
1365,483,2,0.0
483,1365,2,0.0
171,315,2,0.0
315,171,2,0.0
171,973,2,0.0
973,171,2,0.0
315,973,2,0.0
973,315,2,0.0
132,418,2,0.0
418,132,2,0.0
182,59,2,0.0
59,182,2,0.0
182,791,2,0.0
791,182,2,0.0
59,791,2,0.0
791,59,2,0.0
100,1061,2,0.0
1061,100,2,0.0
100,1064,2,0.0
1064,100,2,0.0
100,1095,2,0.0
1095,100,2,0.0
100,1167,2,0.0
1167,100,2,0.0
100,1213,2,0.0
1213,100,2,0.0
100,1266,2,0.0
1266,100,2,0.0
100,1314,2,0.0
1314,100,2,0.0
100,1327,2,0.0
1327,100,2,0.0
100,233,2,0.0
233,100,2,0.0
100,278,2,0.0
278,100,2,0.0
100,323,2,0.0
323,100,2,0.0
100,336,2,0.0
336,100,2,0.0
100,455,2,0.0
455,100,2,0.0
100,539,2,0.0
539,100,2,0.0
100,550,2,0.0
550,100,2,0.0
100,616,2,0.0
616,100,2,0.0
100,646,2,0.0
646,100,2,0.0
100,70,2,0.0
70,100,2,0.0
100,825,2,0.0
825,100,2,0.0
100,834,2,0.0
834,100,2,0.0
100,928,2,0.0
928,100,2,0.0
1061,1064,2,0.0
1064,1061,2,0.0
1061,1095,2,0.0
1095,1061,2,0.0
1061,1167,2,0.0
1167,1061,2,0.0
1061,1213,2,0.0
1213,1061,2,0.0
1061,1266,2,0.0
1266,1061,2,0.0
1061,1314,2,0.0
1314,1061,2,0.0
1061,1327,2,0.0
1327,1061,2,0.0
1061,233,2,0.0
233,1061,2,0.0
1061,278,2,0.0
278,1061,2,0.0
1061,323,2,0.0
323,1061,2,0.0
1061,336,2,0.0
336,1061,2,0.0
1061,455,2,0.0
455,1061,2,0.0
1061,539,2,0.0
539,1061,2,0.0
1061,550,2,0.0
550,1061,2,0.0
1061,616,2,0.0
616,1061,2,0.0
1061,646,2,0.0
646,1061,2,0.0
1061,70,2,0.0
70,1061,2,0.0
1061,825,2,0.0
825,1061,2,0.0
1061,834,2,0.0
834,1061,2,0.0
1061,928,2,0.0
928,1061,2,0.0
1064,1095,2,0.0
1095,1064,2,0.0
1064,1167,2,0.0
1167,1064,2,0.0
1064,1213,2,0.0
1213,1064,2,0.0
1064,1266,2,0.0
1266,1064,2,0.0
1064,1314,2,0.0
1314,1064,2,0.0
1064,1327,2,0.0
1327,1064,2,0.0
1064,233,2,0.0
233,1064,2,0.0
1064,278,2,0.0
278,1064,2,0.0
1064,323,2,0.0
323,1064,2,0.0
1064,336,2,0.0
336,1064,2,0.0
1064,455,2,0.0
455,1064,2,0.0
1064,539,2,0.0
539,1064,2,0.0
1064,550,2,0.0
550,1064,2,0.0
1064,616,2,0.0
616,1064,2,0.0
1064,646,2,0.0
646,1064,2,0.0
1064,70,2,0.0
70,1064,2,0.0
1064,825,2,0.0
825,1064,2,0.0
1064,834,2,0.0
834,1064,2,0.0
1064,928,2,0.0
928,1064,2,0.0
1095,1167,2,0.0
1167,1095,2,0.0
1095,1213,2,0.0
1213,1095,2,0.0
1095,1266,2,0.0
1266,1095,2,0.0
1095,1314,2,0.0
1314,1095,2,0.0
1095,1327,2,0.0
1327,1095,2,0.0
1095,233,2,0.0
233,1095,2,0.0
1095,278,2,0.0
278,1095,2,0.0
1095,323,2,0.0
323,1095,2,0.0
1095,336,2,0.0
336,1095,2,0.0
1095,455,2,0.0
455,1095,2,0.0
1095,539,2,0.0
539,1095,2,0.0
1095,550,2,0.0
550,1095,2,0.0
1095,616,2,0.0
616,1095,2,0.0
1095,646,2,0.0
646,1095,2,0.0
1095,70,2,0.0
70,1095,2,0.0
1095,825,2,0.0
825,1095,2,0.0
1095,834,2,0.0
834,1095,2,0.0
1095,928,2,0.0
928,1095,2,0.0
1167,1213,2,0.0
1213,1167,2,0.0
1167,1266,2,0.0
1266,1167,2,0.0
1167,1314,2,0.0
1314,1167,2,0.0
1167,1327,2,0.0
1327,1167,2,0.0
1167,233,2,0.0
233,1167,2,0.0
1167,278,2,0.0
278,1167,2,0.0
1167,323,2,0.0
323,1167,2,0.0
1167,336,2,0.0
336,1167,2,0.0
1167,455,2,0.0
455,1167,2,0.0
1167,539,2,0.0
539,1167,2,0.0
1167,550,2,0.0
550,1167,2,0.0
1167,616,2,0.0
616,1167,2,0.0
1167,646,2,0.0
646,1167,2,0.0
1167,70,2,0.0
70,1167,2,0.0
1167,825,2,0.0
825,1167,2,0.0
1167,834,2,0.0
834,1167,2,0.0
1167,928,2,0.0
928,1167,2,0.0
1213,1266,2,0.0
1266,1213,2,0.0
1213,1314,2,0.0
1314,1213,2,0.0
1213,1327,2,0.0
1327,1213,2,0.0
1213,233,2,0.0
233,1213,2,0.0
1213,278,2,0.0
278,1213,2,0.0
1213,323,2,0.0
323,1213,2,0.0
1213,336,2,0.0
336,1213,2,0.0
1213,455,2,0.0
455,1213,2,0.0
1213,539,2,0.0
539,1213,2,0.0
1213,550,2,0.0
550,1213,2,0.0
1213,616,2,0.0
616,1213,2,0.0
1213,646,2,0.0
646,1213,2,0.0
1213,70,2,0.0
70,1213,2,0.0
1213,825,2,0.0
825,1213,2,0.0
1213,834,2,0.0
834,1213,2,0.0
1213,928,2,0.0
928,1213,2,0.0
1266,1314,2,0.0
1314,1266,2,0.0
1266,1327,2,0.0
1327,1266,2,0.0
1266,233,2,0.0
233,1266,2,0.0
1266,278,2,0.0
278,1266,2,0.0
1266,323,2,0.0
323,1266,2,0.0
1266,336,2,0.0
336,1266,2,0.0
1266,455,2,0.0
455,1266,2,0.0
1266,539,2,0.0
539,1266,2,0.0
1266,550,2,0.0
550,1266,2,0.0
1266,616,2,0.0
616,1266,2,0.0
1266,646,2,0.0
646,1266,2,0.0
1266,70,2,0.0
70,1266,2,0.0
1266,825,2,0.0
825,1266,2,0.0
1266,834,2,0.0
834,1266,2,0.0
1266,928,2,0.0
928,1266,2,0.0
1314,1327,2,0.0
1327,1314,2,0.0
1314,233,2,0.0
233,1314,2,0.0
1314,278,2,0.0
278,1314,2,0.0
1314,323,2,0.0
323,1314,2,0.0
1314,336,2,0.0
336,1314,2,0.0
1314,455,2,0.0
455,1314,2,0.0
1314,539,2,0.0
539,1314,2,0.0
1314,550,2,0.0
550,1314,2,0.0
1314,616,2,0.0
616,1314,2,0.0
1314,646,2,0.0
646,1314,2,0.0
1314,70,2,0.0
70,1314,2,0.0
1314,825,2,0.0
825,1314,2,0.0
1314,834,2,0.0
834,1314,2,0.0
1314,928,2,0.0
928,1314,2,0.0
1327,233,2,0.0
233,1327,2,0.0
1327,278,2,0.0
278,1327,2,0.0
1327,323,2,0.0
323,1327,2,0.0
1327,336,2,0.0
336,1327,2,0.0
1327,455,2,0.0
455,1327,2,0.0
1327,539,2,0.0
539,1327,2,0.0
1327,550,2,0.0
550,1327,2,0.0
1327,616,2,0.0
616,1327,2,0.0
1327,646,2,0.0
646,1327,2,0.0
1327,70,2,0.0
70,1327,2,0.0
1327,825,2,0.0
825,1327,2,0.0
1327,834,2,0.0
834,1327,2,0.0
1327,928,2,0.0
928,1327,2,0.0
233,278,2,0.0
278,233,2,0.0
233,323,2,0.0
323,233,2,0.0
233,336,2,0.0
336,233,2,0.0
233,455,2,0.0
455,233,2,0.0
233,539,2,0.0
539,233,2,0.0
233,550,2,0.0
550,233,2,0.0
233,616,2,0.0
616,233,2,0.0
233,646,2,0.0
646,233,2,0.0
233,70,2,0.0
70,233,2,0.0
233,825,2,0.0
825,233,2,0.0
233,834,2,0.0
834,233,2,0.0
233,928,2,0.0
928,233,2,0.0
278,323,2,0.0
323,278,2,0.0
278,336,2,0.0
336,278,2,0.0
278,455,2,0.0
455,278,2,0.0
278,539,2,0.0
539,278,2,0.0
278,550,2,0.0
550,278,2,0.0
278,616,2,0.0
616,278,2,0.0
278,646,2,0.0
646,278,2,0.0
278,70,2,0.0
70,278,2,0.0
278,825,2,0.0
825,278,2,0.0
278,834,2,0.0
834,278,2,0.0
278,928,2,0.0
928,278,2,0.0
323,336,2,0.0
336,323,2,0.0
323,455,2,0.0
455,323,2,0.0
323,539,2,0.0
539,323,2,0.0
323,550,2,0.0
550,323,2,0.0
323,616,2,0.0
616,323,2,0.0
323,646,2,0.0
646,323,2,0.0
323,70,2,0.0
70,323,2,0.0
323,825,2,0.0
825,323,2,0.0
323,834,2,0.0
834,323,2,0.0
323,928,2,0.0
928,323,2,0.0
336,455,2,0.0
455,336,2,0.0
336,539,2,0.0
539,336,2,0.0
336,550,2,0.0
550,336,2,0.0
336,616,2,0.0
616,336,2,0.0
336,646,2,0.0
646,336,2,0.0
336,70,2,0.0
70,336,2,0.0
336,825,2,0.0
825,336,2,0.0
336,834,2,0.0
834,336,2,0.0
336,928,2,0.0
928,336,2,0.0
455,539,2,0.0
539,455,2,0.0
455,550,2,0.0
550,455,2,0.0
455,616,2,0.0
616,455,2,0.0
455,646,2,0.0
646,455,2,0.0
455,70,2,0.0
70,455,2,0.0
455,825,2,0.0
825,455,2,0.0
455,834,2,0.0
834,455,2,0.0
455,928,2,0.0
928,455,2,0.0
539,550,2,0.0
550,539,2,0.0
539,616,2,0.0
616,539,2,0.0
539,646,2,0.0
646,539,2,0.0
539,70,2,0.0
70,539,2,0.0
539,825,2,0.0
825,539,2,0.0
539,834,2,0.0
834,539,2,0.0
539,928,2,0.0
928,539,2,0.0
550,616,2,0.0
616,550,2,0.0
550,646,2,0.0
646,550,2,0.0
550,70,2,0.0
70,550,2,0.0
550,825,2,0.0
825,550,2,0.0
550,834,2,0.0
834,550,2,0.0
550,928,2,0.0
928,550,2,0.0
616,646,2,0.0
646,616,2,0.0
616,70,2,0.0
70,616,2,0.0
616,825,2,0.0
825,616,2,0.0
616,834,2,0.0
834,616,2,0.0
616,928,2,0.0
928,616,2,0.0
646,70,2,0.0
70,646,2,0.0
646,825,2,0.0
825,646,2,0.0
646,834,2,0.0
834,646,2,0.0
646,928,2,0.0
928,646,2,0.0
70,825,2,0.0
825,70,2,0.0
70,834,2,0.0
834,70,2,0.0
70,928,2,0.0
928,70,2,0.0
825,834,2,0.0
834,825,2,0.0
825,928,2,0.0
928,825,2,0.0
834,928,2,0.0
928,834,2,0.0
1188,1298,2,0.0
1298,1188,2,0.0
1188,389,2,0.0
389,1188,2,0.0
1298,389,2,0.0
389,1298,2,0.0
301,873,2,0.0
873,301,2,0.0
301,972,2,0.0
972,301,2,0.0
873,972,2,0.0
972,873,2,0.0
1153,346,2,0.0
346,1153,2,0.0
1153,506,2,0.0
506,1153,2,0.0
346,506,2,0.0
506,346,2,0.0
1000,1217,2,0.0
1217,1000,2,0.0
1000,665,2,0.0
665,1000,2,0.0
1217,665,2,0.0
665,1217,2,0.0
107,743,2,0.0
743,107,2,0.0
195,798,2,0.0
798,195,2,0.0
1151,645,2,0.0
645,1151,2,0.0
1269,390,2,0.0
390,1269,2,0.0
10,249,2,0.0
249,10,2,0.0
10,978,2,0.0
978,10,2,0.0
249,978,2,0.0
978,249,2,0.0
1005,1029,2,0.0
1029,1005,2,0.0
1005,1070,2,0.0
1070,1005,2,0.0
1005,1324,2,0.0
1324,1005,2,0.0
1005,1333,2,0.0
1333,1005,2,0.0
1005,223,2,0.0
223,1005,2,0.0
1005,538,2,0.0
538,1005,2,0.0
1005,576,2,0.0
576,1005,2,0.0
1005,672,2,0.0
672,1005,2,0.0
1005,94,2,0.0
94,1005,2,0.0
1029,1070,2,0.0
1070,1029,2,0.0
1029,1324,2,0.0
1324,1029,2,0.0
1029,1333,2,0.0
1333,1029,2,0.0
1029,223,2,0.0
223,1029,2,0.0
1029,538,2,0.0
538,1029,2,0.0
1029,576,2,0.0
576,1029,2,0.0
1029,672,2,0.0
672,1029,2,0.0
1029,94,2,0.0
94,1029,2,0.0
1070,1324,2,0.0
1324,1070,2,0.0
1070,1333,2,0.0
1333,1070,2,0.0
1070,223,2,0.0
223,1070,2,0.0
1070,538,2,0.0
538,1070,2,0.0
1070,576,2,0.0
576,1070,2,0.0
1070,672,2,0.0
672,1070,2,0.0
1070,94,2,0.0
94,1070,2,0.0
1324,1333,2,0.0
1333,1324,2,0.0
1324,223,2,0.0
223,1324,2,0.0
1324,538,2,0.0
538,1324,2,0.0
1324,576,2,0.0
576,1324,2,0.0
1324,672,2,0.0
672,1324,2,0.0
1324,94,2,0.0
94,1324,2,0.0
1333,223,2,0.0
223,1333,2,0.0
1333,538,2,0.0
538,1333,2,0.0
1333,576,2,0.0
576,1333,2,0.0
1333,672,2,0.0
672,1333,2,0.0
1333,94,2,0.0
94,1333,2,0.0
223,538,2,0.0
538,223,2,0.0
223,576,2,0.0
576,223,2,0.0
223,672,2,0.0
672,223,2,0.0
223,94,2,0.0
94,223,2,0.0
538,576,2,0.0
576,538,2,0.0
538,672,2,0.0
672,538,2,0.0
538,94,2,0.0
94,538,2,0.0
576,672,2,0.0
672,576,2,0.0
576,94,2,0.0
94,576,2,0.0
672,94,2,0.0
94,672,2,0.0
334,352,2,0.0
352,334,2,0.0
1345,328,2,0.0
328,1345,2,0.0
1036,851,2,0.0
851,1036,2,0.0
528,893,2,0.0
893,528,2,0.0
1112,1141,2,0.0
1141,1112,2,0.0
1112,162,2,0.0
162,1112,2,0.0
1141,162,2,0.0
162,1141,2,0.0
1042,1267,2,0.0
1267,1042,2,0.0
1042,1374,2,0.0
1374,1042,2,0.0
1042,17,2,0.0
17,1042,2,0.0
1042,183,2,0.0
183,1042,2,0.0
1042,188,2,0.0
188,1042,2,0.0
1267,1374,2,0.0
1374,1267,2,0.0
1267,17,2,0.0
17,1267,2,0.0
1267,183,2,0.0
183,1267,2,0.0
1267,188,2,0.0
188,1267,2,0.0
1374,17,2,0.0
17,1374,2,0.0
1374,183,2,0.0
183,1374,2,0.0
1374,188,2,0.0
188,1374,2,0.0
17,183,2,0.0
183,17,2,0.0
17,188,2,0.0
188,17,2,0.0
183,188,2,0.0
188,183,2,0.0
1199,698,2,0.0
698,1199,2,0.0
22,658,2,0.0
658,22,2,0.0
22,862,2,0.0
862,22,2,0.0
22,890,2,0.0
890,22,2,0.0
658,862,2,0.0
862,658,2,0.0
658,890,2,0.0
890,658,2,0.0
862,890,2,0.0
890,862,2,0.0
814,937,2,0.0
937,814,2,0.0
1364,302,2,0.0
302,1364,2,0.0
1364,566,2,0.0
566,1364,2,0.0
302,566,2,0.0
566,302,2,0.0
712,927,2,0.0
927,712,2,0.0
1203,730,2,0.0
730,1203,2,0.0
436,474,2,0.0
474,436,2,0.0
362,916,2,0.0
916,362,2,0.0
1152,1380,2,0.0
1380,1152,2,0.0
1152,601,2,0.0
601,1152,2,0.0
1152,811,2,0.0
811,1152,2,0.0
1380,601,2,0.0
601,1380,2,0.0
1380,811,2,0.0
811,1380,2,0.0
601,811,2,0.0
811,601,2,0.0
596,659,2,0.0
659,596,2,0.0
596,691,2,0.0
691,596,2,0.0
596,980,2,0.0
980,596,2,0.0
659,691,2,0.0
691,659,2,0.0
659,980,2,0.0
980,659,2,0.0
691,980,2,0.0
980,691,2,0.0
1002,1145,2,0.0
1145,1002,2,0.0
1002,1186,2,0.0
1186,1002,2,0.0
1002,124,2,0.0
124,1002,2,0.0
1002,305,2,0.0
305,1002,2,0.0
1002,385,2,0.0
385,1002,2,0.0
1002,589,2,0.0
589,1002,2,0.0
1145,1186,2,0.0
1186,1145,2,0.0
1145,124,2,0.0
124,1145,2,0.0
1145,305,2,0.0
305,1145,2,0.0
1145,385,2,0.0
385,1145,2,0.0
1145,589,2,0.0
589,1145,2,0.0
1186,124,2,0.0
124,1186,2,0.0
1186,305,2,0.0
305,1186,2,0.0
1186,385,2,0.0
385,1186,2,0.0
1186,589,2,0.0
589,1186,2,0.0
124,305,2,0.0
305,124,2,0.0
124,385,2,0.0
385,124,2,0.0
124,589,2,0.0
589,124,2,0.0
305,385,2,0.0
385,305,2,0.0
305,589,2,0.0
589,305,2,0.0
385,589,2,0.0
589,385,2,0.0
1072,1094,2,0.0
1094,1072,2,0.0
1072,1142,2,0.0
1142,1072,2,0.0
1072,410,2,0.0
410,1072,2,0.0
1072,88,2,0.0
88,1072,2,0.0
1072,983,2,0.0
983,1072,2,0.0
1094,1142,2,0.0
1142,1094,2,0.0
1094,410,2,0.0
410,1094,2,0.0
1094,88,2,0.0
88,1094,2,0.0
1094,983,2,0.0
983,1094,2,0.0
1142,410,2,0.0
410,1142,2,0.0
1142,88,2,0.0
88,1142,2,0.0
1142,983,2,0.0
983,1142,2,0.0
410,88,2,0.0
88,410,2,0.0
410,983,2,0.0
983,410,2,0.0
88,983,2,0.0
983,88,2,0.0
178,417,2,0.0
417,178,2,0.0
1241,163,2,0.0
163,1241,2,0.0
1241,240,2,0.0
240,1241,2,0.0
1241,403,2,0.0
403,1241,2,0.0
1241,688,2,0.0
688,1241,2,0.0
1241,778,2,0.0
778,1241,2,0.0
163,240,2,0.0
240,163,2,0.0
163,403,2,0.0
403,163,2,0.0
163,688,2,0.0
688,163,2,0.0
163,778,2,0.0
778,163,2,0.0
240,403,2,0.0
403,240,2,0.0
240,688,2,0.0
688,240,2,0.0
240,778,2,0.0
778,240,2,0.0
403,688,2,0.0
688,403,2,0.0
403,778,2,0.0
778,403,2,0.0
688,778,2,0.0
778,688,2,0.0
1,89,2,0.0
89,1,2,0.0
1254,20,2,0.0
20,1254,2,0.0
1083,135,2,0.0
135,1083,2,0.0
230,681,2,0.0
681,230,2,0.0
1032,175,2,0.0
175,1032,2,0.0
110,1180,2,0.0
1180,110,2,0.0
110,1280,2,0.0
1280,110,2,0.0
1180,1280,2,0.0
1280,1180,2,0.0
1385,903,2,0.0
903,1385,2,0.0
1292,292,2,0.0
292,1292,2,0.0
1109,947,2,0.0
947,1109,2,0.0
1315,1321,2,0.0
1321,1315,2,0.0
1315,216,2,0.0
216,1315,2,0.0
1315,631,2,0.0
631,1315,2,0.0
1315,863,2,0.0
863,1315,2,0.0
1321,216,2,0.0
216,1321,2,0.0
1321,631,2,0.0
631,1321,2,0.0
1321,863,2,0.0
863,1321,2,0.0
216,631,2,0.0
631,216,2,0.0
216,863,2,0.0
863,216,2,0.0
631,863,2,0.0
863,631,2,0.0
101,133,2,0.0
133,101,2,0.0
762,842,2,0.0
842,762,2,0.0
326,500,2,0.0
500,326,2,0.0
1031,1079,2,0.0
1079,1031,2,0.0
1031,1182,2,0.0
1182,1031,2,0.0
1031,1257,2,0.0
1257,1031,2,0.0
1031,1272,2,0.0
1272,1031,2,0.0
1031,254,2,0.0
254,1031,2,0.0
1031,520,2,0.0
520,1031,2,0.0
1031,548,2,0.0
548,1031,2,0.0
1031,553,2,0.0
553,1031,2,0.0
1031,593,2,0.0
593,1031,2,0.0
1031,606,2,0.0
606,1031,2,0.0
1031,676,2,0.0
676,1031,2,0.0
1031,920,2,0.0
920,1031,2,0.0
1031,926,2,0.0
926,1031,2,0.0
1031,963,2,0.0
963,1031,2,0.0
1031,996,2,0.0
996,1031,2,0.0
1079,1182,2,0.0
1182,1079,2,0.0
1079,1257,2,0.0
1257,1079,2,0.0
1079,1272,2,0.0
1272,1079,2,0.0
1079,254,2,0.0
254,1079,2,0.0
1079,520,2,0.0
520,1079,2,0.0
1079,548,2,0.0
548,1079,2,0.0
1079,553,2,0.0
553,1079,2,0.0
1079,593,2,0.0
593,1079,2,0.0
1079,606,2,0.0
606,1079,2,0.0
1079,676,2,0.0
676,1079,2,0.0
1079,920,2,0.0
920,1079,2,0.0
1079,926,2,0.0
926,1079,2,0.0
1079,963,2,0.0
963,1079,2,0.0
1079,996,2,0.0
996,1079,2,0.0
1182,1257,2,0.0
1257,1182,2,0.0
1182,1272,2,0.0
1272,1182,2,0.0
1182,254,2,0.0
254,1182,2,0.0
1182,520,2,0.0
520,1182,2,0.0
1182,548,2,0.0
548,1182,2,0.0
1182,553,2,0.0
553,1182,2,0.0
1182,593,2,0.0
593,1182,2,0.0
1182,606,2,0.0
606,1182,2,0.0
1182,676,2,0.0
676,1182,2,0.0
1182,920,2,0.0
920,1182,2,0.0
1182,926,2,0.0
926,1182,2,0.0
1182,963,2,0.0
963,1182,2,0.0
1182,996,2,0.0
996,1182,2,0.0
1257,1272,2,0.0
1272,1257,2,0.0
1257,254,2,0.0
254,1257,2,0.0
1257,520,2,0.0
520,1257,2,0.0
1257,548,2,0.0
548,1257,2,0.0
1257,553,2,0.0
553,1257,2,0.0
1257,593,2,0.0
593,1257,2,0.0
1257,606,2,0.0
606,1257,2,0.0
1257,676,2,0.0
676,1257,2,0.0
1257,920,2,0.0
920,1257,2,0.0
1257,926,2,0.0
926,1257,2,0.0
1257,963,2,0.0
963,1257,2,0.0
1257,996,2,0.0
996,1257,2,0.0
1272,254,2,0.0
254,1272,2,0.0
1272,520,2,0.0
520,1272,2,0.0
1272,548,2,0.0
548,1272,2,0.0
1272,553,2,0.0
553,1272,2,0.0
1272,593,2,0.0
593,1272,2,0.0
1272,606,2,0.0
606,1272,2,0.0
1272,676,2,0.0
676,1272,2,0.0
1272,920,2,0.0
920,1272,2,0.0
1272,926,2,0.0
926,1272,2,0.0
1272,963,2,0.0
963,1272,2,0.0
1272,996,2,0.0
996,1272,2,0.0
254,520,2,0.0
520,254,2,0.0
254,548,2,0.0
548,254,2,0.0
254,553,2,0.0
553,254,2,0.0
254,593,2,0.0
593,254,2,0.0
254,606,2,0.0
606,254,2,0.0
254,676,2,0.0
676,254,2,0.0
254,920,2,0.0
920,254,2,0.0
254,926,2,0.0
926,254,2,0.0
254,963,2,0.0
963,254,2,0.0
254,996,2,0.0
996,254,2,0.0
520,548,2,0.0
548,520,2,0.0
520,553,2,0.0
553,520,2,0.0
520,593,2,0.0
593,520,2,0.0
520,606,2,0.0
606,520,2,0.0
520,676,2,0.0
676,520,2,0.0
520,920,2,0.0
920,520,2,0.0
520,926,2,0.0
926,520,2,0.0
520,963,2,0.0
963,520,2,0.0
520,996,2,0.0
996,520,2,0.0
548,553,2,0.0
553,548,2,0.0
548,593,2,0.0
593,548,2,0.0
548,606,2,0.0
606,548,2,0.0
548,676,2,0.0
676,548,2,0.0
548,920,2,0.0
920,548,2,0.0
548,926,2,0.0
926,548,2,0.0
548,963,2,0.0
963,548,2,0.0
548,996,2,0.0
996,548,2,0.0
553,593,2,0.0
593,553,2,0.0
553,606,2,0.0
606,553,2,0.0
553,676,2,0.0
676,553,2,0.0
553,920,2,0.0
920,553,2,0.0
553,926,2,0.0
926,553,2,0.0
553,963,2,0.0
963,553,2,0.0
553,996,2,0.0
996,553,2,0.0
593,606,2,0.0
606,593,2,0.0
593,676,2,0.0
676,593,2,0.0
593,920,2,0.0
920,593,2,0.0
593,926,2,0.0
926,593,2,0.0
593,963,2,0.0
963,593,2,0.0
593,996,2,0.0
996,593,2,0.0
606,676,2,0.0
676,606,2,0.0
606,920,2,0.0
920,606,2,0.0
606,926,2,0.0
926,606,2,0.0
606,963,2,0.0
963,606,2,0.0
606,996,2,0.0
996,606,2,0.0
676,920,2,0.0
920,676,2,0.0
676,926,2,0.0
926,676,2,0.0
676,963,2,0.0
963,676,2,0.0
676,996,2,0.0
996,676,2,0.0
920,926,2,0.0
926,920,2,0.0
920,963,2,0.0
963,920,2,0.0
920,996,2,0.0
996,920,2,0.0
926,963,2,0.0
963,926,2,0.0
926,996,2,0.0
996,926,2,0.0
963,996,2,0.0
996,963,2,0.0
1076,198,2,0.0
198,1076,2,0.0
1076,262,2,0.0
262,1076,2,0.0
1076,683,2,0.0
683,1076,2,0.0
1076,72,2,0.0
72,1076,2,0.0
198,262,2,0.0
262,198,2,0.0
198,683,2,0.0
683,198,2,0.0
198,72,2,0.0
72,198,2,0.0
262,683,2,0.0
683,262,2,0.0
262,72,2,0.0
72,262,2,0.0
683,72,2,0.0
72,683,2,0.0
458,463,2,0.0
463,458,2,0.0
458,651,2,0.0
651,458,2,0.0
458,997,2,0.0
997,458,2,0.0
463,651,2,0.0
651,463,2,0.0
463,997,2,0.0
997,463,2,0.0
651,997,2,0.0
997,651,2,0.0
1124,83,2,0.0
83,1124,2,0.0
1122,468,2,0.0
468,1122,2,0.0
1122,496,2,0.0
496,1122,2,0.0
1122,971,2,0.0
971,1122,2,0.0
1122,987,2,0.0
987,1122,2,0.0
468,496,2,0.0
496,468,2,0.0
468,971,2,0.0
971,468,2,0.0
468,987,2,0.0
987,468,2,0.0
496,971,2,0.0
971,496,2,0.0
496,987,2,0.0
987,496,2,0.0
971,987,2,0.0
987,971,2,0.0
1403,868,2,0.0
868,1403,2,0.0
1106,1242,2,0.0
1242,1106,2,0.0
4,56,2,0.0
56,4,2,0.0
35,562,2,0.0
562,35,2,0.0
35,786,2,0.0
786,35,2,0.0
35,897,2,0.0
897,35,2,0.0
562,786,2,0.0
786,562,2,0.0
562,897,2,0.0
897,562,2,0.0
786,897,2,0.0
897,786,2,0.0
304,967,2,0.0
967,304,2,0.0
1058,1066,2,0.0
1066,1058,2,0.0
1069,161,2,0.0
161,1069,2,0.0
1306,567,2,0.0
567,1306,2,0.0
1038,23,2,0.0
23,1038,2,0.0
222,293,2,0.0
293,222,2,0.0
299,508,2,0.0
508,299,2,0.0
1099,882,2,0.0
882,1099,2,0.0
491,817,2,0.0
817,491,2,0.0
716,803,2,0.0
803,716,2,0.0
1040,1041,2,0.0
1041,1040,2,0.0
1040,1165,2,0.0
1165,1040,2,0.0
1040,1342,2,0.0
1342,1040,2,0.0
1040,1349,2,0.0
1349,1040,2,0.0
1040,1384,2,0.0
1384,1040,2,0.0
1040,459,2,0.0
459,1040,2,0.0
1040,647,2,0.0
647,1040,2,0.0
1040,799,2,0.0
799,1040,2,0.0
1040,822,2,0.0
822,1040,2,0.0
1041,1165,2,0.0
1165,1041,2,0.0
1041,1342,2,0.0
1342,1041,2,0.0
1041,1349,2,0.0
1349,1041,2,0.0
1041,1384,2,0.0
1384,1041,2,0.0
1041,459,2,0.0
459,1041,2,0.0
1041,647,2,0.0
647,1041,2,0.0
1041,799,2,0.0
799,1041,2,0.0
1041,822,2,0.0
822,1041,2,0.0
1165,1342,2,0.0
1342,1165,2,0.0
1165,1349,2,0.0
1349,1165,2,0.0
1165,1384,2,0.0
1384,1165,2,0.0
1165,459,2,0.0
459,1165,2,0.0
1165,647,2,0.0
647,1165,2,0.0
1165,799,2,0.0
799,1165,2,0.0
1165,822,2,0.0
822,1165,2,0.0
1342,1349,2,0.0
1349,1342,2,0.0
1342,1384,2,0.0
1384,1342,2,0.0
1342,459,2,0.0
459,1342,2,0.0
1342,647,2,0.0
647,1342,2,0.0
1342,799,2,0.0
799,1342,2,0.0
1342,822,2,0.0
822,1342,2,0.0
1349,1384,2,0.0
1384,1349,2,0.0
1349,459,2,0.0
459,1349,2,0.0
1349,647,2,0.0
647,1349,2,0.0
1349,799,2,0.0
799,1349,2,0.0
1349,822,2,0.0
822,1349,2,0.0
1384,459,2,0.0
459,1384,2,0.0
1384,647,2,0.0
647,1384,2,0.0
1384,799,2,0.0
799,1384,2,0.0
1384,822,2,0.0
822,1384,2,0.0
459,647,2,0.0
647,459,2,0.0
459,799,2,0.0
799,459,2,0.0
459,822,2,0.0
822,459,2,0.0
647,799,2,0.0
799,647,2,0.0
647,822,2,0.0
822,647,2,0.0
799,822,2,0.0
822,799,2,0.0
1160,306,2,0.0
306,1160,2,0.0
1227,273,2,0.0
273,1227,2,0.0
1227,727,2,0.0
727,1227,2,0.0
1227,757,2,0.0
757,1227,2,0.0
273,727,2,0.0
727,273,2,0.0
273,757,2,0.0
757,273,2,0.0
727,757,2,0.0
757,727,2,0.0
428,856,2,0.0
856,428,2,0.0
527,535,2,0.0
535,527,2,0.0
467,542,2,0.0
542,467,2,0.0
467,838,2,0.0
838,467,2,0.0
542,838,2,0.0
838,542,2,0.0
1303,274,2,0.0
274,1303,2,0.0
1303,460,2,0.0
460,1303,2,0.0
1303,577,2,0.0
577,1303,2,0.0
274,460,2,0.0
460,274,2,0.0
274,577,2,0.0
577,274,2,0.0
460,577,2,0.0
577,460,2,0.0
1351,245,2,0.0
245,1351,2,0.0
1351,443,2,0.0
443,1351,2,0.0
1351,960,2,0.0
960,1351,2,0.0
1351,990,2,0.0
990,1351,2,0.0
245,443,2,0.0
443,245,2,0.0
245,960,2,0.0
960,245,2,0.0
245,990,2,0.0
990,245,2,0.0
443,960,2,0.0
960,443,2,0.0
443,990,2,0.0
990,443,2,0.0
960,990,2,0.0
990,960,2,0.0
248,544,2,0.0
544,248,2,0.0
248,704,2,0.0
704,248,2,0.0
248,754,2,0.0
754,248,2,0.0
544,704,2,0.0
704,544,2,0.0
544,754,2,0.0
754,544,2,0.0
704,754,2,0.0
754,704,2,0.0
129,502,2,0.0
502,129,2,0.0
1004,1244,2,0.0
1244,1004,2,0.0
1004,1335,2,0.0
1335,1004,2,0.0
1004,146,2,0.0
146,1004,2,0.0
1004,632,2,0.0
632,1004,2,0.0
1244,1335,2,0.0
1335,1244,2,0.0
1244,146,2,0.0
146,1244,2,0.0
1244,632,2,0.0
632,1244,2,0.0
1335,146,2,0.0
146,1335,2,0.0
1335,632,2,0.0
632,1335,2,0.0
146,632,2,0.0
632,146,2,0.0
495,907,2,0.0
907,495,2,0.0
1135,1362,2,0.0
1362,1135,2,0.0
1135,411,2,0.0
411,1135,2,0.0
1362,411,2,0.0
411,1362,2,0.0
1157,193,2,0.0
193,1157,2,0.0
267,970,2,0.0
970,267,2,0.0
235,837,2,0.0
837,235,2,0.0
1049,1252,2,0.0
1252,1049,2,0.0
581,664,2,0.0
664,581,2,0.0
1115,515,2,0.0
515,1115,2,0.0
1379,789,2,0.0
789,1379,2,0.0
1174,202,2,0.0
202,1174,2,0.0
1174,297,2,0.0
297,1174,2,0.0
1174,33,2,0.0
33,1174,2,0.0
1174,69,2,0.0
69,1174,2,0.0
1174,764,2,0.0
764,1174,2,0.0
202,297,2,0.0
297,202,2,0.0
202,33,2,0.0
33,202,2,0.0
202,69,2,0.0
69,202,2,0.0
202,764,2,0.0
764,202,2,0.0
297,33,2,0.0
33,297,2,0.0
297,69,2,0.0
69,297,2,0.0
297,764,2,0.0
764,297,2,0.0
33,69,2,0.0
69,33,2,0.0
33,764,2,0.0
764,33,2,0.0
69,764,2,0.0
764,69,2,0.0
1060,325,2,0.0
325,1060,2,0.0
707,872,2,0.0
872,707,2,0.0
614,888,2,0.0
888,614,2,0.0
1246,534,2,0.0
534,1246,2,0.0
349,384,2,0.0
384,349,2,0.0
349,604,2,0.0
604,349,2,0.0
384,604,2,0.0
604,384,2,0.0
1071,348,2,0.0
348,1071,2,0.0
1243,296,2,0.0
296,1243,2,0.0
1243,925,2,0.0
925,1243,2,0.0
296,925,2,0.0
925,296,2,0.0
572,61,2,0.0
61,572,2,0.0
1043,258,2,0.0
258,1043,2,0.0
125,448,2,0.0
448,125,2,0.0
487,740,2,0.0
740,487,2,0.0
1296,151,2,0.0
151,1296,2,0.0
1296,190,2,0.0
190,1296,2,0.0
1296,454,2,0.0
454,1296,2,0.0
151,190,2,0.0
190,151,2,0.0
151,454,2,0.0
454,151,2,0.0
190,454,2,0.0
454,190,2,0.0
1057,259,2,0.0
259,1057,2,0.0
1156,1158,2,0.0
1158,1156,2,0.0
1120,1307,2,0.0
1307,1120,2,0.0
1011,247,2,0.0
247,1011,2,0.0
1281,807,2,0.0
807,1281,2,0.0
1016,1163,2,0.0
1163,1016,2,0.0
1016,1360,2,0.0
1360,1016,2,0.0
1016,1404,2,0.0
1404,1016,2,0.0
1016,748,2,0.0
748,1016,2,0.0
1016,984,2,0.0
984,1016,2,0.0
1163,1360,2,0.0
1360,1163,2,0.0
1163,1404,2,0.0
1404,1163,2,0.0
1163,748,2,0.0
748,1163,2,0.0
1163,984,2,0.0
984,1163,2,0.0
1360,1404,2,0.0
1404,1360,2,0.0
1360,748,2,0.0
748,1360,2,0.0
1360,984,2,0.0
984,1360,2,0.0
1404,748,2,0.0
748,1404,2,0.0
1404,984,2,0.0
984,1404,2,0.0
748,984,2,0.0
984,748,2,0.0
114,344,2,0.0
344,114,2,0.0
114,6,2,0.0
6,114,2,0.0
114,82,2,0.0
82,114,2,0.0
344,6,2,0.0
6,344,2,0.0
344,82,2,0.0
82,344,2,0.0
6,82,2,0.0
82,6,2,0.0
1130,397,2,0.0
397,1130,2,0.0
271,29,2,0.0
29,271,2,0.0
271,501,2,0.0
501,271,2,0.0
29,501,2,0.0
501,29,2,0.0
1013,1033,2,0.0
1033,1013,2,0.0
1013,1087,2,0.0
1087,1013,2,0.0
1013,237,2,0.0
237,1013,2,0.0
1013,275,2,0.0
275,1013,2,0.0
1013,404,2,0.0
404,1013,2,0.0
1013,434,2,0.0
434,1013,2,0.0
1013,767,2,0.0
767,1013,2,0.0
1013,876,2,0.0
876,1013,2,0.0
1033,1087,2,0.0
1087,1033,2,0.0
1033,237,2,0.0
237,1033,2,0.0
1033,275,2,0.0
275,1033,2,0.0
1033,404,2,0.0
404,1033,2,0.0
1033,434,2,0.0
434,1033,2,0.0
1033,767,2,0.0
767,1033,2,0.0
1033,876,2,0.0
876,1033,2,0.0
1087,237,2,0.0
237,1087,2,0.0
1087,275,2,0.0
275,1087,2,0.0
1087,404,2,0.0
404,1087,2,0.0
1087,434,2,0.0
434,1087,2,0.0
1087,767,2,0.0
767,1087,2,0.0
1087,876,2,0.0
876,1087,2,0.0
237,275,2,0.0
275,237,2,0.0
237,404,2,0.0
404,237,2,0.0
237,434,2,0.0
434,237,2,0.0
237,767,2,0.0
767,237,2,0.0
237,876,2,0.0
876,237,2,0.0
275,404,2,0.0
404,275,2,0.0
275,434,2,0.0
434,275,2,0.0
275,767,2,0.0
767,275,2,0.0
275,876,2,0.0
876,275,2,0.0
404,434,2,0.0
434,404,2,0.0
404,767,2,0.0
767,404,2,0.0
404,876,2,0.0
876,404,2,0.0
434,767,2,0.0
767,434,2,0.0
434,876,2,0.0
876,434,2,0.0
767,876,2,0.0
876,767,2,0.0
590,917,2,0.0
917,590,2,0.0
1234,378,2,0.0
378,1234,2,0.0
1234,540,2,0.0
540,1234,2,0.0
378,540,2,0.0
540,378,2,0.0
461,725,2,0.0
725,461,2,0.0
461,769,2,0.0
769,461,2,0.0
725,769,2,0.0
769,725,2,0.0
1273,142,2,0.0
142,1273,2,0.0
451,687,2,0.0
687,451,2,0.0
633,787,2,0.0
787,633,2,0.0
1191,605,2,0.0
605,1191,2,0.0
1191,636,2,0.0
636,1191,2,0.0
605,636,2,0.0
636,605,2,0.0
102,1175,2,0.0
1175,102,2,0.0
1179,169,2,0.0
169,1179,2,0.0
1300,486,2,0.0
486,1300,2,0.0
1300,866,2,0.0
866,1300,2,0.0
486,866,2,0.0
866,486,2,0.0
1024,184,2,0.0
184,1024,2,0.0
1024,229,2,0.0
229,1024,2,0.0
184,229,2,0.0
229,184,2,0.0
1166,1332,2,0.0
1332,1166,2,0.0
1166,228,2,0.0
228,1166,2,0.0
1166,256,2,0.0
256,1166,2,0.0
1166,719,2,0.0
719,1166,2,0.0
1332,228,2,0.0
228,1332,2,0.0
1332,256,2,0.0
256,1332,2,0.0
1332,719,2,0.0
719,1332,2,0.0
228,256,2,0.0
256,228,2,0.0
228,719,2,0.0
719,228,2,0.0
256,719,2,0.0
719,256,2,0.0
1221,1230,2,0.0
1230,1221,2,0.0
119,1381,2,0.0
1381,119,2,0.0
119,1383,2,0.0
1383,119,2,0.0
1381,1383,2,0.0
1383,1381,2,0.0
744,902,2,0.0
902,744,2,0.0
1108,215,2,0.0
215,1108,2,0.0
1108,465,2,0.0
465,1108,2,0.0
1108,92,2,0.0
92,1108,2,0.0
215,465,2,0.0
465,215,2,0.0
215,92,2,0.0
92,215,2,0.0
465,92,2,0.0
92,465,2,0.0
39,653,2,0.0
653,39,2,0.0
277,648,2,0.0
648,277,2,0.0
357,442,2,0.0
442,357,2,0.0
357,450,2,0.0
450,357,2,0.0
442,450,2,0.0
450,442,2,0.0
316,908,2,0.0
908,316,2,0.0
1111,898,2,0.0
898,1111,2,0.0
187,854,2,0.0
854,187,2,0.0
187,855,2,0.0
855,187,2,0.0
854,855,2,0.0
855,854,2,0.0
1401,883,2,0.0
883,1401,2,0.0
519,99,2,0.0
99,519,2,0.0
1344,783,2,0.0
783,1344,2,0.0
1140,1352,2,0.0
1352,1140,2,0.0
650,942,2,0.0
942,650,2,0.0
50,628,2,0.0
628,50,2,0.0
50,936,2,0.0
936,50,2,0.0
628,936,2,0.0
936,628,2,0.0
1154,1253,2,0.0
1253,1154,2,0.0
1154,335,2,0.0
335,1154,2,0.0
1154,755,2,0.0
755,1154,2,0.0
1253,335,2,0.0
335,1253,2,0.0
1253,755,2,0.0
755,1253,2,0.0
335,755,2,0.0
755,335,2,0.0
1382,140,2,0.0
140,1382,2,0.0
1382,44,2,0.0
44,1382,2,0.0
1382,663,2,0.0
663,1382,2,0.0
1382,802,2,0.0
802,1382,2,0.0
1382,948,2,0.0
948,1382,2,0.0
140,44,2,0.0
44,140,2,0.0
140,663,2,0.0
663,140,2,0.0
140,802,2,0.0
802,140,2,0.0
140,948,2,0.0
948,140,2,0.0
44,663,2,0.0
663,44,2,0.0
44,802,2,0.0
802,44,2,0.0
44,948,2,0.0
948,44,2,0.0
663,802,2,0.0
802,663,2,0.0
663,948,2,0.0
948,663,2,0.0
802,948,2,0.0
948,802,2,0.0
1369,962,2,0.0
962,1369,2,0.0
1096,1208,2,0.0
1208,1096,2,0.0
1096,1255,2,0.0
1255,1096,2,0.0
1096,1293,2,0.0
1293,1096,2,0.0
1096,1311,2,0.0
1311,1096,2,0.0
1096,1391,2,0.0
1391,1096,2,0.0
1096,2,2,0.0
2,1096,2,0.0
1096,203,2,0.0
203,1096,2,0.0
1096,255,2,0.0
255,1096,2,0.0
1096,263,2,0.0
263,1096,2,0.0
1096,298,2,0.0
298,1096,2,0.0
1096,370,2,0.0
370,1096,2,0.0
1096,419,2,0.0
419,1096,2,0.0
1096,48,2,0.0
48,1096,2,0.0
1096,494,2,0.0
494,1096,2,0.0
1096,985,2,0.0
985,1096,2,0.0
1208,1255,2,0.0
1255,1208,2,0.0
1208,1293,2,0.0
1293,1208,2,0.0
1208,1311,2,0.0
1311,1208,2,0.0
1208,1391,2,0.0
1391,1208,2,0.0
1208,2,2,0.0
2,1208,2,0.0
1208,203,2,0.0
203,1208,2,0.0
1208,255,2,0.0
255,1208,2,0.0
1208,263,2,0.0
263,1208,2,0.0
1208,298,2,0.0
298,1208,2,0.0
1208,370,2,0.0
370,1208,2,0.0
1208,419,2,0.0
419,1208,2,0.0
1208,48,2,0.0
48,1208,2,0.0
1208,494,2,0.0
494,1208,2,0.0
1208,985,2,0.0
985,1208,2,0.0
1255,1293,2,0.0
1293,1255,2,0.0
1255,1311,2,0.0
1311,1255,2,0.0
1255,1391,2,0.0
1391,1255,2,0.0
1255,2,2,0.0
2,1255,2,0.0
1255,203,2,0.0
203,1255,2,0.0
1255,255,2,0.0
255,1255,2,0.0
1255,263,2,0.0
263,1255,2,0.0
1255,298,2,0.0
298,1255,2,0.0
1255,370,2,0.0
370,1255,2,0.0
1255,419,2,0.0
419,1255,2,0.0
1255,48,2,0.0
48,1255,2,0.0
1255,494,2,0.0
494,1255,2,0.0
1255,985,2,0.0
985,1255,2,0.0
1293,1311,2,0.0
1311,1293,2,0.0
1293,1391,2,0.0
1391,1293,2,0.0
1293,2,2,0.0
2,1293,2,0.0
1293,203,2,0.0
203,1293,2,0.0
1293,255,2,0.0
255,1293,2,0.0
1293,263,2,0.0
263,1293,2,0.0
1293,298,2,0.0
298,1293,2,0.0
1293,370,2,0.0
370,1293,2,0.0
1293,419,2,0.0
419,1293,2,0.0
1293,48,2,0.0
48,1293,2,0.0
1293,494,2,0.0
494,1293,2,0.0
1293,985,2,0.0
985,1293,2,0.0
1311,1391,2,0.0
1391,1311,2,0.0
1311,2,2,0.0
2,1311,2,0.0
1311,203,2,0.0
203,1311,2,0.0
1311,255,2,0.0
255,1311,2,0.0
1311,263,2,0.0
263,1311,2,0.0
1311,298,2,0.0
298,1311,2,0.0
1311,370,2,0.0
370,1311,2,0.0
1311,419,2,0.0
419,1311,2,0.0
1311,48,2,0.0
48,1311,2,0.0
1311,494,2,0.0
494,1311,2,0.0
1311,985,2,0.0
985,1311,2,0.0
1391,2,2,0.0
2,1391,2,0.0
1391,203,2,0.0
203,1391,2,0.0
1391,255,2,0.0
255,1391,2,0.0
1391,263,2,0.0
263,1391,2,0.0
1391,298,2,0.0
298,1391,2,0.0
1391,370,2,0.0
370,1391,2,0.0
1391,419,2,0.0
419,1391,2,0.0
1391,48,2,0.0
48,1391,2,0.0
1391,494,2,0.0
494,1391,2,0.0
1391,985,2,0.0
985,1391,2,0.0
2,203,2,0.0
203,2,2,0.0
2,255,2,0.0
255,2,2,0.0
2,263,2,0.0
263,2,2,0.0
2,298,2,0.0
298,2,2,0.0
2,370,2,0.0
370,2,2,0.0
2,419,2,0.0
419,2,2,0.0
2,48,2,0.0
48,2,2,0.0
2,494,2,0.0
494,2,2,0.0
2,985,2,0.0
985,2,2,0.0
203,255,2,0.0
255,203,2,0.0
203,263,2,0.0
263,203,2,0.0
203,298,2,0.0
298,203,2,0.0
203,370,2,0.0
370,203,2,0.0
203,419,2,0.0
419,203,2,0.0
203,48,2,0.0
48,203,2,0.0
203,494,2,0.0
494,203,2,0.0
203,985,2,0.0
985,203,2,0.0
255,263,2,0.0
263,255,2,0.0
255,298,2,0.0
298,255,2,0.0
255,370,2,0.0
370,255,2,0.0
255,419,2,0.0
419,255,2,0.0
255,48,2,0.0
48,255,2,0.0
255,494,2,0.0
494,255,2,0.0
255,985,2,0.0
985,255,2,0.0
263,298,2,0.0
298,263,2,0.0
263,370,2,0.0
370,263,2,0.0
263,419,2,0.0
419,263,2,0.0
263,48,2,0.0
48,263,2,0.0
263,494,2,0.0
494,263,2,0.0
263,985,2,0.0
985,263,2,0.0
298,370,2,0.0
370,298,2,0.0
298,419,2,0.0
419,298,2,0.0
298,48,2,0.0
48,298,2,0.0
298,494,2,0.0
494,298,2,0.0
298,985,2,0.0
985,298,2,0.0
370,419,2,0.0
419,370,2,0.0
370,48,2,0.0
48,370,2,0.0
370,494,2,0.0
494,370,2,0.0
370,985,2,0.0
985,370,2,0.0
419,48,2,0.0
48,419,2,0.0
419,494,2,0.0
494,419,2,0.0
419,985,2,0.0
985,419,2,0.0
48,494,2,0.0
494,48,2,0.0
48,985,2,0.0
985,48,2,0.0
494,985,2,0.0
985,494,2,0.0
288,697,2,0.0
697,288,2,0.0
912,915,2,0.0
915,912,2,0.0
1331,313,2,0.0
313,1331,2,0.0
179,291,2,0.0
291,179,2,0.0
1177,309,2,0.0
309,1177,2,0.0
1177,466,2,0.0
466,1177,2,0.0
1177,612,2,0.0
612,1177,2,0.0
309,466,2,0.0
466,309,2,0.0
309,612,2,0.0
612,309,2,0.0
466,612,2,0.0
612,466,2,0.0
532,761,2,0.0
761,532,2,0.0
398,699,2,0.0
699,398,2,0.0
116,1235,2,0.0
1235,116,2,0.0
1194,1236,2,0.0
1236,1194,2,0.0
1194,806,2,0.0
806,1194,2,0.0
1236,806,2,0.0
806,1236,2,0.0
1251,1363,2,0.0
1363,1251,2,0.0
1251,319,2,0.0
319,1251,2,0.0
1363,319,2,0.0
319,1363,2,0.0
1118,1233,2,0.0
1233,1118,2,0.0
1118,131,2,0.0
131,1118,2,0.0
1118,261,2,0.0
261,1118,2,0.0
1118,456,2,0.0
456,1118,2,0.0
1118,509,2,0.0
509,1118,2,0.0
1233,131,2,0.0
131,1233,2,0.0
1233,261,2,0.0
261,1233,2,0.0
1233,456,2,0.0
456,1233,2,0.0
1233,509,2,0.0
509,1233,2,0.0
131,261,2,0.0
261,131,2,0.0
131,456,2,0.0
456,131,2,0.0
131,509,2,0.0
509,131,2,0.0
261,456,2,0.0
456,261,2,0.0
261,509,2,0.0
509,261,2,0.0
456,509,2,0.0
509,456,2,0.0
1216,580,2,0.0
580,1216,2,0.0
1247,168,2,0.0
168,1247,2,0.0
1247,635,2,0.0
635,1247,2,0.0
1247,678,2,0.0
678,1247,2,0.0
1247,750,2,0.0
750,1247,2,0.0
1247,981,2,0.0
981,1247,2,0.0
168,635,2,0.0
635,168,2,0.0
168,678,2,0.0
678,168,2,0.0
168,750,2,0.0
750,168,2,0.0
168,981,2,0.0
981,168,2,0.0
635,678,2,0.0
678,635,2,0.0
635,750,2,0.0
750,635,2,0.0
635,981,2,0.0
981,635,2,0.0
678,750,2,0.0
750,678,2,0.0
678,981,2,0.0
981,678,2,0.0
750,981,2,0.0
981,750,2,0.0
1012,1289,2,0.0
1289,1012,2,0.0
1012,204,2,0.0
204,1012,2,0.0
1012,790,2,0.0
790,1012,2,0.0
1289,204,2,0.0
204,1289,2,0.0
1289,790,2,0.0
790,1289,2,0.0
204,790,2,0.0
790,204,2,0.0
661,892,2,0.0
892,661,2,0.0
123,1361,2,0.0
1361,123,2,0.0
702,715,2,0.0
715,702,2,0.0
1284,574,2,0.0
574,1284,2,0.0
1341,399,2,0.0
399,1341,2,0.0
714,752,2,0.0
752,714,2,0.0
117,1248,2,0.0
1248,117,2,0.0
117,488,2,0.0
488,117,2,0.0
117,507,2,0.0
507,117,2,0.0
117,531,2,0.0
531,117,2,0.0
117,86,2,0.0
86,117,2,0.0
117,991,2,0.0
991,117,2,0.0
1248,488,2,0.0
488,1248,2,0.0
1248,507,2,0.0
507,1248,2,0.0
1248,531,2,0.0
531,1248,2,0.0
1248,86,2,0.0
86,1248,2,0.0
1248,991,2,0.0
991,1248,2,0.0
488,507,2,0.0
507,488,2,0.0
488,531,2,0.0
531,488,2,0.0
488,86,2,0.0
86,488,2,0.0
488,991,2,0.0
991,488,2,0.0
507,531,2,0.0
531,507,2,0.0
507,86,2,0.0
86,507,2,0.0
507,991,2,0.0
991,507,2,0.0
531,86,2,0.0
86,531,2,0.0
531,991,2,0.0
991,531,2,0.0
86,991,2,0.0
991,86,2,0.0
1063,7,2,0.0
7,1063,2,0.0
1359,95,2,0.0
95,1359,2,0.0
1104,489,2,0.0
489,1104,2,0.0
1104,516,2,0.0
516,1104,2,0.0
489,516,2,0.0
516,489,2,0.0
1190,1224,2,0.0
1224,1190,2,0.0
1190,30,2,0.0
30,1190,2,0.0
1224,30,2,0.0
30,1224,2,0.0
1048,320,2,0.0
320,1048,2,0.0
272,857,2,0.0
857,272,2,0.0
1144,1347,2,0.0
1347,1144,2,0.0
1144,706,2,0.0
706,1144,2,0.0
1347,706,2,0.0
706,1347,2,0.0
1119,363,2,0.0
363,1119,2,0.0
1119,552,2,0.0
552,1119,2,0.0
363,552,2,0.0
552,363,2,0.0
598,607,2,0.0
607,598,2,0.0
1302,586,2,0.0
586,1302,2,0.0
1195,32,2,0.0
32,1195,2,0.0
1195,439,2,0.0
439,1195,2,0.0
32,439,2,0.0
439,32,2,0.0
1225,813,2,0.0
813,1225,2,0.0
609,751,2,0.0
751,609,2,0.0
1121,1136,2,0.0
1136,1121,2,0.0
1121,1201,2,0.0
1201,1121,2,0.0
1121,333,2,0.0
333,1121,2,0.0
1121,471,2,0.0
471,1121,2,0.0
1121,758,2,0.0
758,1121,2,0.0
1121,819,2,0.0
819,1121,2,0.0
1121,989,2,0.0
989,1121,2,0.0
1121,992,2,0.0
992,1121,2,0.0
1136,1201,2,0.0
1201,1136,2,0.0
1136,333,2,0.0
333,1136,2,0.0
1136,471,2,0.0
471,1136,2,0.0
1136,758,2,0.0
758,1136,2,0.0
1136,819,2,0.0
819,1136,2,0.0
1136,989,2,0.0
989,1136,2,0.0
1136,992,2,0.0
992,1136,2,0.0
1201,333,2,0.0
333,1201,2,0.0
1201,471,2,0.0
471,1201,2,0.0
1201,758,2,0.0
758,1201,2,0.0
1201,819,2,0.0
819,1201,2,0.0
1201,989,2,0.0
989,1201,2,0.0
1201,992,2,0.0
992,1201,2,0.0
333,471,2,0.0
471,333,2,0.0
333,758,2,0.0
758,333,2,0.0
333,819,2,0.0
819,333,2,0.0
333,989,2,0.0
989,333,2,0.0
333,992,2,0.0
992,333,2,0.0
471,758,2,0.0
758,471,2,0.0
471,819,2,0.0
819,471,2,0.0
471,989,2,0.0
989,471,2,0.0
471,992,2,0.0
992,471,2,0.0
758,819,2,0.0
819,758,2,0.0
758,989,2,0.0
989,758,2,0.0
758,992,2,0.0
992,758,2,0.0
819,989,2,0.0
989,819,2,0.0
819,992,2,0.0
992,819,2,0.0
989,992,2,0.0
992,989,2,0.0
1312,143,2,0.0
143,1312,2,0.0
1312,324,2,0.0
324,1312,2,0.0
1312,592,2,0.0
592,1312,2,0.0
143,324,2,0.0
324,143,2,0.0
143,592,2,0.0
592,143,2,0.0
324,592,2,0.0
592,324,2,0.0
1229,318,2,0.0
318,1229,2,0.0
191,54,2,0.0
54,191,2,0.0
1178,618,2,0.0
618,1178,2,0.0
1178,724,2,0.0
724,1178,2,0.0
618,724,2,0.0
724,618,2,0.0
1258,570,2,0.0
570,1258,2,0.0
1114,242,2,0.0
242,1114,2,0.0
1114,666,2,0.0
666,1114,2,0.0
1114,904,2,0.0
904,1114,2,0.0
242,666,2,0.0
666,242,2,0.0
242,904,2,0.0
904,242,2,0.0
666,904,2,0.0
904,666,2,0.0
251,364,2,0.0
364,251,2,0.0
174,624,2,0.0
624,174,2,0.0
174,833,2,0.0
833,174,2,0.0
624,833,2,0.0
833,624,2,0.0
104,383,2,0.0
383,104,2,0.0
1008,1086,2,0.0
1086,1008,2,0.0
1008,1276,2,0.0
1276,1008,2,0.0
1008,180,2,0.0
180,1008,2,0.0
1008,400,2,0.0
400,1008,2,0.0
1008,756,2,0.0
756,1008,2,0.0
1008,800,2,0.0
800,1008,2,0.0
1086,1276,2,0.0
1276,1086,2,0.0
1086,180,2,0.0
180,1086,2,0.0
1086,400,2,0.0
400,1086,2,0.0
1086,756,2,0.0
756,1086,2,0.0
1086,800,2,0.0
800,1086,2,0.0
1276,180,2,0.0
180,1276,2,0.0
1276,400,2,0.0
400,1276,2,0.0
1276,756,2,0.0
756,1276,2,0.0
1276,800,2,0.0
800,1276,2,0.0
180,400,2,0.0
400,180,2,0.0
180,756,2,0.0
756,180,2,0.0
180,800,2,0.0
800,180,2,0.0
400,756,2,0.0
756,400,2,0.0
400,800,2,0.0
800,400,2,0.0
756,800,2,0.0
800,756,2,0.0
477,626,2,0.0
626,477,2,0.0
1133,1168,2,0.0
1168,1133,2,0.0
1133,1395,2,0.0
1395,1133,2,0.0
1133,152,2,0.0
152,1133,2,0.0
1133,167,2,0.0
167,1133,2,0.0
1133,206,2,0.0
206,1133,2,0.0
1133,355,2,0.0
355,1133,2,0.0
1133,521,2,0.0
521,1133,2,0.0
1133,809,2,0.0
809,1133,2,0.0
1133,886,2,0.0
886,1133,2,0.0
1133,901,2,0.0
901,1133,2,0.0
1133,993,2,0.0
993,1133,2,0.0
1133,999,2,0.0
999,1133,2,0.0
1168,1395,2,0.0
1395,1168,2,0.0
1168,152,2,0.0
152,1168,2,0.0
1168,167,2,0.0
167,1168,2,0.0
1168,206,2,0.0
206,1168,2,0.0
1168,355,2,0.0
355,1168,2,0.0
1168,521,2,0.0
521,1168,2,0.0
1168,809,2,0.0
809,1168,2,0.0
1168,886,2,0.0
886,1168,2,0.0
1168,901,2,0.0
901,1168,2,0.0
1168,993,2,0.0
993,1168,2,0.0
1168,999,2,0.0
999,1168,2,0.0
1395,152,2,0.0
152,1395,2,0.0
1395,167,2,0.0
167,1395,2,0.0
1395,206,2,0.0
206,1395,2,0.0
1395,355,2,0.0
355,1395,2,0.0
1395,521,2,0.0
521,1395,2,0.0
1395,809,2,0.0
809,1395,2,0.0
1395,886,2,0.0
886,1395,2,0.0
1395,901,2,0.0
901,1395,2,0.0
1395,993,2,0.0
993,1395,2,0.0
1395,999,2,0.0
999,1395,2,0.0
152,167,2,0.0
167,152,2,0.0
152,206,2,0.0
206,152,2,0.0
152,355,2,0.0
355,152,2,0.0
152,521,2,0.0
521,152,2,0.0
152,809,2,0.0
809,152,2,0.0
152,886,2,0.0
886,152,2,0.0
152,901,2,0.0
901,152,2,0.0
152,993,2,0.0
993,152,2,0.0
152,999,2,0.0
999,152,2,0.0
167,206,2,0.0
206,167,2,0.0
167,355,2,0.0
355,167,2,0.0
167,521,2,0.0
521,167,2,0.0
167,809,2,0.0
809,167,2,0.0
167,886,2,0.0
886,167,2,0.0
167,901,2,0.0
901,167,2,0.0
167,993,2,0.0
993,167,2,0.0
167,999,2,0.0
999,167,2,0.0
206,355,2,0.0
355,206,2,0.0
206,521,2,0.0
521,206,2,0.0
206,809,2,0.0
809,206,2,0.0
206,886,2,0.0
886,206,2,0.0
206,901,2,0.0
901,206,2,0.0
206,993,2,0.0
993,206,2,0.0
206,999,2,0.0
999,206,2,0.0
355,521,2,0.0
521,355,2,0.0
355,809,2,0.0
809,355,2,0.0
355,886,2,0.0
886,355,2,0.0
355,901,2,0.0
901,355,2,0.0
355,993,2,0.0
993,355,2,0.0
355,999,2,0.0
999,355,2,0.0
521,809,2,0.0
809,521,2,0.0
521,886,2,0.0
886,521,2,0.0
521,901,2,0.0
901,521,2,0.0
521,993,2,0.0
993,521,2,0.0
521,999,2,0.0
999,521,2,0.0
809,886,2,0.0
886,809,2,0.0
809,901,2,0.0
901,809,2,0.0
809,993,2,0.0
993,809,2,0.0
809,999,2,0.0
999,809,2,0.0
886,901,2,0.0
901,886,2,0.0
886,993,2,0.0
993,886,2,0.0
886,999,2,0.0
999,886,2,0.0
901,993,2,0.0
993,901,2,0.0
901,999,2,0.0
999,901,2,0.0
993,999,2,0.0
999,993,2,0.0
1052,843,2,0.0
843,1052,2,0.0
1018,282,2,0.0
282,1018,2,0.0
1319,878,2,0.0
878,1319,2,0.0
