route_id,service_id,direction_id,trip_id
1,1,0,1857
1,1,0,2379
1,11,0,446
1,14,0,1007
1,15,0,2485
1,16,0,1310
1,16,0,67
1,19,0,1778
1,2,0,2598
1,2,0,815
1,20,0,317
1,22,0,1881
1,23,0,54
1,27,0,1110
1,28,0,284
1,3,0,160
1,3,0,1666
1,3,0,1916
1,3,0,2186
1,3,0,2285
1,3,0,230
1,3,0,698
1,32,0,1047
1,32,0,1109
1,32,0,1201
1,32,0,1299
1,32,0,1319
1,32,0,1358
1,32,0,1441
1,32,0,1465
1,32,0,1471
1,32,0,1580
1,32,0,1616
1,32,0,1627
1,32,0,1645
1,32,0,1741
1,32,0,1803
1,32,0,1856
1,32,0,1940
1,32,0,2046
1,32,0,2074
1,32,0,2086
1,32,0,2101
1,32,0,2111
1,32,0,2201
1,32,0,2282
1,32,0,2300
1,32,0,2359
1,32,0,2454
1,32,0,2508
1,32,0,2563
1,32,0,26
1,32,0,2607
1,32,0,2795
1,32,0,301
1,32,0,313
1,32,0,333
1,32,0,375
1,32,0,385
1,32,0,40
1,32,0,494
1,32,0,502
1,32,0,81
1,32,0,861
1,32,0,868
1,32,0,898
1,32,0,94
1,34,0,1002
1,34,0,1027
1,34,0,105
1,34,0,1051
1,34,0,1090
1,34,0,1119
1,34,0,116
1,34,0,1302
1,34,0,1326
1,34,0,1341
1,34,0,1407
1,34,0,1462
1,34,0,1476
1,34,0,1488
1,34,0,1521
1,34,0,1544
1,34,0,1560
1,34,0,1569
1,34,0,1628
1,34,0,1704
1,34,0,1706
1,34,0,171
1,34,0,1713
1,34,0,1804
1,34,0,1836
1,34,0,1961
1,34,0,1982
1,34,0,1992
1,34,0,2019
1,34,0,2146
1,34,0,2158
1,34,0,2187
1,34,0,2188
1,34,0,2227
1,34,0,2315
1,34,0,2341
1,34,0,2358
1,34,0,2396
1,34,0,2500
1,34,0,2518
1,34,0,2647
1,34,0,2664
1,34,0,2744
1,34,0,2757
1,34,0,2775
1,34,0,2787
1,34,0,2799
1,34,0,2821
1,34,0,2873
1,34,0,308
1,34,0,318
1,34,0,511
1,34,0,613
1,34,0,634
1,34,0,641
1,34,0,663
1,34,0,703
1,34,0,713
1,34,0,800
1,34,0,811
1,34,0,827
1,34,0,875
1,34,0,901
1,34,0,994
1,34,0,999
1,35,0,1033
1,35,0,1190
1,35,0,1722
1,35,0,1855
1,35,0,2013
1,35,0,2097
1,35,0,2752
1,35,0,63
1,36,0,1039
1,36,0,1055
1,36,0,1070
1,36,0,1075
1,36,0,1127
1,36,0,1129
1,36,0,1153
1,36,0,119
1,36,0,1202
1,36,0,1226
1,36,0,1237
1,36,0,1262
1,36,0,1335
1,36,0,1339
1,36,0,1370
1,36,0,1374
1,36,0,1413
1,36,0,1526
1,36,0,1533
1,36,0,1550
1,36,0,1552
1,36,0,1587
1,36,0,1588
1,36,0,159
1,36,0,162
1,36,0,1625
1,36,0,1630
1,36,0,1652
1,36,0,1749
1,36,0,1758
1,36,0,176
1,36,0,1767
1,36,0,1779
1,36,0,1787
1,36,0,1813
1,36,0,1828
1,36,0,1849
1,36,0,1872
1,36,0,1875
1,36,0,1950
1,36,0,1958
1,36,0,1974
1,36,0,1976
1,36,0,1983
1,36,0,2030
1,36,0,2116
1,36,0,2122
1,36,0,2154
1,36,0,2179
1,36,0,2207
1,36,0,222
1,36,0,2241
1,36,0,2249
1,36,0,2253
1,36,0,2267
1,36,0,2278
1,36,0,2293
1,36,0,2320
1,36,0,2360
1,36,0,2376
1,36,0,2495
1,36,0,251
1,36,0,2521
1,36,0,2531
1,36,0,2537
1,36,0,2565
1,36,0,2570
1,36,0,2582
1,36,0,2594
1,36,0,2614
1,36,0,2615
1,36,0,2623
1,36,0,2628
1,36,0,2635
1,36,0,2638
1,36,0,2667
1,36,0,2672
1,36,0,2720
1,36,0,2751
1,36,0,276
1,36,0,2761
1,36,0,2802
1,36,0,2804
1,36,0,2842
1,36,0,2846
1,36,0,2850
1,36,0,2853
1,36,0,2879
1,36,0,2886
1,36,0,2888
1,36,0,309
1,36,0,331
1,36,0,347
1,36,0,370
1,36,0,395
1,36,0,406
1,36,0,410
1,36,0,419
1,36,0,434
1,36,0,439
1,36,0,497
1,36,0,503
1,36,0,51
1,36,0,571
1,36,0,574
1,36,0,575
1,36,0,578
1,36,0,582
1,36,0,592
1,36,0,597
1,36,0,711
1,36,0,729
1,36,0,739
1,36,0,787
1,36,0,791
1,36,0,902
1,36,0,930
1,37,0,14
1,37,0,2172
1,37,0,2422
1,37,0,2536
1,37,0,2843
1,37,0,4
1,37,0,937
1,38,0,2068
1,38,0,2259
1,38,0,2550
1,38,0,2807
1,38,0,296
1,39,0,1036
1,39,0,104
1,39,0,1040
1,39,0,1178
1,39,0,1206
1,39,0,1247
1,39,0,1252
1,39,0,1321
1,39,0,1349
1,39,0,1353
1,39,0,1375
1,39,0,1390
1,39,0,1420
1,39,0,1482
1,39,0,1495
1,39,0,1513
1,39,0,1519
1,39,0,1594
1,39,0,161
1,39,0,1644
1,39,0,1649
1,39,0,1685
1,39,0,1723
1,39,0,1751
1,39,0,1790
1,39,0,1831
1,39,0,1832
1,39,0,1886
1,39,0,1926
1,39,0,1998
1,39,0,2035
1,39,0,2037
1,39,0,2038
1,39,0,2058
1,39,0,2072
1,39,0,2099
1,39,0,2131
1,39,0,2153
1,39,0,2218
1,39,0,2219
1,39,0,2260
1,39,0,2270
1,39,0,2275
1,39,0,2279
1,39,0,2284
1,39,0,2336
1,39,0,2367
1,39,0,2369
1,39,0,239
1,39,0,2458
1,39,0,2496
1,39,0,2661
1,39,0,2662
1,39,0,2676
1,39,0,2681
1,39,0,2689
1,39,0,2698
1,39,0,2700
1,39,0,2762
1,39,0,2765
1,39,0,2816
1,39,0,2864
1,39,0,288
1,39,0,342
1,39,0,365
1,39,0,45
1,39,0,472
1,39,0,491
1,39,0,500
1,39,0,513
1,39,0,608
1,39,0,628
1,39,0,661
1,39,0,678
1,39,0,751
1,39,0,756
1,39,0,846
1,39,0,885
1,39,0,91
1,39,0,942
1,4,0,1514
1,40,0,1116
1,40,0,1295
1,40,0,1463
1,40,0,1833
1,40,0,1991
1,40,0,212
1,40,0,368
1,40,0,374
1,40,0,477
1,40,0,595
1,40,0,805
1,40,0,958
1,41,0,1097
1,41,0,1124
1,41,0,1125
1,41,0,1199
1,41,0,123
1,41,0,1236
1,41,0,1410
1,41,0,1414
1,41,0,1428
1,41,0,1433
1,41,0,1509
1,41,0,1548
1,41,0,157
1,41,0,164
1,41,0,1653
1,41,0,1699
1,41,0,1785
1,41,0,186
1,41,0,1946
1,41,0,2168
1,41,0,2173
1,41,0,2365
1,41,0,2423
1,41,0,255
1,41,0,2603
1,41,0,275
1,41,0,2774
1,41,0,287
1,41,0,2878
1,41,0,2884
1,41,0,2907
1,41,0,327
1,41,0,332
1,41,0,350
1,41,0,373
1,41,0,387
1,41,0,554
1,41,0,612
1,41,0,695
1,41,0,73
1,41,0,888
1,41,0,903
1,42,0,1461
1,42,0,2463
1,42,0,655
1,42,0,798
1,43,0,1126
1,43,0,1264
1,43,0,2622
1,43,0,809
1,44,0,1084
1,44,0,1143
1,44,0,1296
1,44,0,2113
1,44,0,2605
1,44,0,2611
1,44,0,2688
1,44,0,2695
1,44,0,381
1,44,0,396
1,44,0,398
1,44,0,438
1,44,0,519
1,44,0,998
1,45,0,1444
1,45,0,1597
1,45,0,1603
1,45,0,2465
1,45,0,2668
1,45,0,2734
1,45,0,2824
1,45,0,35
1,46,0,1103
1,46,0,1115
1,46,0,1215
1,46,0,1928
1,46,0,2234
1,46,0,2318
1,46,0,2424
1,46,0,2690
1,46,0,2703
1,46,0,2836
1,46,0,325
1,46,0,363
1,46,0,37
1,46,0,475
1,47,0,1076
1,47,0,1098
1,47,0,1248
1,47,0,1269
1,47,0,1354
1,47,0,1397
1,47,0,1429
1,47,0,1520
1,47,0,158
1,47,0,1623
1,47,0,1676
1,47,0,168
1,47,0,1712
1,47,0,1748
1,47,0,2018
1,47,0,2051
1,47,0,2055
1,47,0,208
1,47,0,2123
1,47,0,2128
1,47,0,2135
1,47,0,232
1,47,0,25
1,47,0,2642
1,47,0,2758
1,47,0,2771
1,47,0,2776
1,47,0,2815
1,47,0,415
1,47,0,539
1,47,0,545
1,47,0,619
1,47,0,629
1,47,0,635
1,47,0,784
1,47,0,817
1,47,0,874
1,47,0,945
1,47,0,964
1,47,0,988
1,48,0,1029
1,48,0,1034
1,48,0,1048
1,48,0,1056
1,48,0,1151
1,48,0,1208
1,48,0,1222
1,48,0,1242
1,48,0,1279
1,48,0,146
1,48,0,1468
1,48,0,1537
1,48,0,1656
1,48,0,1660
1,48,0,1681
1,48,0,173
1,48,0,1746
1,48,0,1824
1,48,0,1897
1,48,0,1981
1,48,0,1988
1,48,0,2064
1,48,0,2171
1,48,0,2199
1,48,0,223
1,48,0,2344
1,48,0,2364
1,48,0,2366
1,48,0,2538
1,48,0,2547
1,48,0,2593
1,48,0,2640
1,48,0,2659
1,48,0,2675
1,48,0,271
1,48,0,2715
1,48,0,2794
1,48,0,378
1,48,0,480
1,48,0,559
1,48,0,561
1,48,0,630
1,48,0,706
1,48,0,741
1,48,0,782
1,48,0,80
1,48,0,801
1,48,0,841
1,48,0,92
1,48,0,920
1,48,0,957
1,48,0,980
1,49,0,1637
1,49,0,1724
1,49,0,218
1,50,0,1106
1,50,0,1181
1,50,0,1333
1,50,0,2027
1,50,0,2126
1,50,0,2392
1,50,0,2473
1,50,0,2629
1,50,0,2847
1,50,0,384
1,50,0,710
1,50,0,854
1,53,0,2747
1,54,0,1698
1,54,0,2911
1,54,0,429
1,54,0,572
1,54,0,859
1,55,0,1412
1,55,0,1870
1,55,0,2211
1,55,0,2413
1,55,0,397
1,55,0,90
1,56,0,2311
1,56,0,2339
1,56,0,2724
1,56,0,616
1,56,0,757
1,57,0,1063
1,57,0,1334
1,57,0,1496
1,57,0,1546
1,57,0,2202
1,57,0,2224
1,57,0,2295
1,57,0,2586
1,57,0,2740
1,57,0,2769
1,57,0,487
1,57,0,552
1,57,0,651
1,57,0,747
1,57,0,786
1,57,0,906
1,58,0,1062
1,58,0,1276
1,58,0,2110
1,58,0,2579
1,58,0,2612
1,59,0,1445
1,59,0,1484
1,59,0,1745
1,59,0,178
1,59,0,247
1,59,0,459
1,6,0,2554
1,60,0,1621
1,60,0,209
1,60,0,689
1,61,0,1140
1,61,0,1158
1,61,0,1422
1,61,0,1558
1,61,0,1563
1,61,0,1697
1,61,0,1764
1,61,0,1846
1,61,0,2193
1,61,0,2286
1,61,0,2332
1,61,0,2411
1,61,0,2601
1,61,0,2905
1,61,0,2909
1,61,0,298
1,61,0,417
1,61,0,447
1,61,0,467
1,61,0,870
1,62,0,1434
1,62,0,1619
1,62,0,1702
1,62,0,1905
1,62,0,2725
1,62,0,360
1,62,0,454
1,62,0,556
1,63,0,1095
1,63,0,1111
1,63,0,1144
1,63,0,1172
1,63,0,1246
1,63,0,1320
1,63,0,1327
1,63,0,1338
1,63,0,1359
1,63,0,1368
1,63,0,1545
1,63,0,1562
1,63,0,1571
1,63,0,1592
1,63,0,1600
1,63,0,1614
1,63,0,1661
1,63,0,1680
1,63,0,1716
1,63,0,1768
1,63,0,1807
1,63,0,1809
1,63,0,1823
1,63,0,1871
1,63,0,1879
1,63,0,2127
1,63,0,2163
1,63,0,2165
1,63,0,2212
1,63,0,2235
1,63,0,2242
1,63,0,2274
1,63,0,233
1,63,0,2395
1,63,0,2492
1,63,0,250
1,63,0,2520
1,63,0,2643
1,63,0,2653
1,63,0,2682
1,63,0,2741
1,63,0,2823
1,63,0,2835
1,63,0,2854
1,63,0,286
1,63,0,2860
1,63,0,2874
1,63,0,292
1,63,0,349
1,63,0,390
1,63,0,460
1,63,0,527
1,63,0,538
1,63,0,551
1,63,0,579
1,63,0,617
1,63,0,744
1,63,0,768
1,63,0,780
1,63,0,789
1,63,0,844
1,63,0,896
1,63,0,921
1,63,0,93
1,63,0,985
1,65,0,1015
1,65,0,1260
1,65,0,1265
1,65,0,1371
1,65,0,1398
1,65,0,145
1,65,0,1610
1,65,0,1620
1,65,0,1883
1,65,0,1898
1,65,0,1899
1,65,0,196
1,65,0,201
1,65,0,2342
1,65,0,2673
1,65,0,2704
1,65,0,273
1,65,0,2777
1,65,0,311
1,65,0,407
1,65,0,468
1,65,0,557
1,65,0,623
1,65,0,813
1,65,0,890
1,66,0,1978
1,67,0,2225
1,67,0,743
1,68,0,1648
1,68,0,2639
1,68,0,53
1,69,0,1028
1,69,0,2103
1,69,0,2904
1,69,0,57
1,71,0,2610
1,71,0,544
1,73,0,1421
1,73,0,1642
1,73,0,1911
1,73,0,2039
1,73,0,2526
1,73,0,2633
1,73,0,2910
1,73,0,746
1,74,0,1396
1,74,0,1593
1,74,0,2289
1,74,0,23
1,74,0,2321
1,74,0,2414
1,78,0,1474
1,79,0,2157
1,82,0,555
1,83,0,1770
10,24,0,420
10,32,0,211
10,32,0,2534
10,32,0,631
10,35,0,1556
10,35,0,2047
10,36,0,1312
10,36,0,141
10,36,0,1925
10,36,0,2078
10,36,0,2915
10,36,0,842
10,38,0,2699
10,41,0,2214
10,47,0,1994
10,47,0,2691
10,60,0,421
2,1,0,1135
2,1,0,2071
2,1,0,2486
2,1,0,2655
2,1,0,2693
2,1,0,465
2,1,0,835
2,1,0,84
2,10,0,2167
2,10,0,49
2,12,0,2914
2,14,0,1507
2,17,0,2119
2,17,0,2334
2,17,0,785
2,18,0,2809
2,2,0,1145
2,2,0,1604
2,2,0,194
2,2,0,1954
2,25,0,2303
2,26,0,483
2,26,0,601
2,3,0,1564
2,3,0,197
2,3,0,2764
2,3,0,749
2,3,0,98
2,31,0,2654
2,32,0,10
2,32,0,1018
2,32,0,1043
2,32,0,1050
2,32,0,1060
2,32,0,1073
2,32,0,1088
2,32,0,1112
2,32,0,1131
2,32,0,1267
2,32,0,1275
2,32,0,1306
2,32,0,1342
2,32,0,1348
2,32,0,1352
2,32,0,1389
2,32,0,1475
2,32,0,1497
2,32,0,1517
2,32,0,1634
2,32,0,1672
2,32,0,170
2,32,0,1708
2,32,0,1774
2,32,0,1801
2,32,0,1888
2,32,0,1896
2,32,0,190
2,32,0,1959
2,32,0,1964
2,32,0,1997
2,32,0,2000
2,32,0,2023
2,32,0,2026
2,32,0,204
2,32,0,2041
2,32,0,2067
2,32,0,2112
2,32,0,2169
2,32,0,2222
2,32,0,2306
2,32,0,236
2,32,0,2381
2,32,0,2498
2,32,0,2515
2,32,0,2545
2,32,0,2552
2,32,0,2557
2,32,0,2619
2,32,0,2678
2,32,0,2679
2,32,0,2730
2,32,0,2731
2,32,0,2746
2,32,0,2766
2,32,0,2820
2,32,0,2822
2,32,0,283
2,32,0,2887
2,32,0,2895
2,32,0,30
2,32,0,402
2,32,0,423
2,32,0,428
2,32,0,505
2,32,0,528
2,32,0,533
2,32,0,535
2,32,0,660
2,32,0,662
2,32,0,72
2,32,0,821
2,32,0,83
2,32,0,852
2,32,0,857
2,32,0,900
2,32,0,910
2,33,0,1931
2,33,0,742
2,33,0,783
2,34,0,1080
2,34,0,112
2,34,0,1133
2,34,0,1136
2,34,0,1141
2,34,0,1152
2,34,0,1166
2,34,0,1205
2,34,0,1235
2,34,0,124
2,34,0,1273
2,34,0,128
2,34,0,1291
2,34,0,1298
2,34,0,1311
2,34,0,1315
2,34,0,1388
2,34,0,143
2,34,0,1443
2,34,0,1457
2,34,0,1489
2,34,0,1518
2,34,0,155
2,34,0,1605
2,34,0,1611
2,34,0,1629
2,34,0,1658
2,34,0,1720
2,34,0,1727
2,34,0,1744
2,34,0,1805
2,34,0,181
2,34,0,1838
2,34,0,184
2,34,0,1880
2,34,0,1887
2,34,0,1920
2,34,0,1955
2,34,0,1960
2,34,0,1973
2,34,0,1989
2,34,0,2008
2,34,0,2042
2,34,0,2080
2,34,0,2109
2,34,0,2138
2,34,0,2152
2,34,0,2156
2,34,0,2181
2,34,0,2196
2,34,0,2198
2,34,0,22
2,34,0,2228
2,34,0,2254
2,34,0,2255
2,34,0,2263
2,34,0,2291
2,34,0,2296
2,34,0,2346
2,34,0,2353
2,34,0,237
2,34,0,2386
2,34,0,2406
2,34,0,2418
2,34,0,2419
2,34,0,2429
2,34,0,2434
2,34,0,2438
2,34,0,2440
2,34,0,2442
2,34,0,2499
2,34,0,2503
2,34,0,2510
2,34,0,2562
2,34,0,2575
2,34,0,2584
2,34,0,2600
2,34,0,2627
2,34,0,2631
2,34,0,2636
2,34,0,2637
2,34,0,2646
2,34,0,2680
2,34,0,2685
2,34,0,2686
2,34,0,2709
2,34,0,2714
2,34,0,2719
2,34,0,2857
2,34,0,2867
2,34,0,2871
2,34,0,2875
2,34,0,2896
2,34,0,321
2,34,0,34
2,34,0,377
2,34,0,383
2,34,0,389
2,34,0,394
2,34,0,413
2,34,0,48
2,34,0,512
2,34,0,529
2,34,0,532
2,34,0,600
2,34,0,603
2,34,0,614
2,34,0,626
2,34,0,680
2,34,0,687
2,34,0,719
2,34,0,726
2,34,0,727
2,34,0,731
2,34,0,750
2,34,0,770
2,34,0,788
2,34,0,864
2,34,0,865
2,34,0,89
2,34,0,891
2,34,0,895
2,34,0,909
2,34,0,913
2,34,0,914
2,34,0,926
2,34,0,928
2,34,0,961
2,34,0,984
2,34,0,986
2,35,0,1332
2,35,0,1504
2,35,0,2105
2,35,0,2192
2,35,0,2472
2,35,0,2480
2,36,0,1
2,36,0,103
2,36,0,1035
2,36,0,1037
2,36,0,1078
2,36,0,1092
2,36,0,110
2,36,0,1114
2,36,0,1137
2,36,0,1150
2,36,0,1156
2,36,0,1164
2,36,0,117
2,36,0,1173
2,36,0,1174
2,36,0,1179
2,36,0,1185
2,36,0,1189
2,36,0,12
2,36,0,1221
2,36,0,1225
2,36,0,1228
2,36,0,1230
2,36,0,1258
2,36,0,13
2,36,0,1304
2,36,0,1365
2,36,0,1367
2,36,0,1382
2,36,0,1426
2,36,0,1435
2,36,0,1455
2,36,0,1480
2,36,0,1493
2,36,0,1494
2,36,0,1525
2,36,0,1528
2,36,0,1539
2,36,0,1547
2,36,0,1573
2,36,0,1613
2,36,0,1615
2,36,0,1624
2,36,0,1643
2,36,0,1671
2,36,0,1710
2,36,0,1719
2,36,0,1737
2,36,0,1757
2,36,0,1762
2,36,0,1781
2,36,0,1782
2,36,0,1797
2,36,0,1802
2,36,0,1819
2,36,0,1822
2,36,0,183
2,36,0,1835
2,36,0,1842
2,36,0,1845
2,36,0,1850
2,36,0,1864
2,36,0,1906
2,36,0,1910
2,36,0,1914
2,36,0,1930
2,36,0,1932
2,36,0,1944
2,36,0,1965
2,36,0,1980
2,36,0,2003
2,36,0,2005
2,36,0,2029
2,36,0,203
2,36,0,2087
2,36,0,2096
2,36,0,2104
2,36,0,2106
2,36,0,2130
2,36,0,2134
2,36,0,2151
2,36,0,2185
2,36,0,2190
2,36,0,2231
2,36,0,2233
2,36,0,2248
2,36,0,2268
2,36,0,2290
2,36,0,2302
2,36,0,2307
2,36,0,2322
2,36,0,2337
2,36,0,2343
2,36,0,2355
2,36,0,2382
2,36,0,2389
2,36,0,2402
2,36,0,2404
2,36,0,2407
2,36,0,2420
2,36,0,2426
2,36,0,2431
2,36,0,2446
2,36,0,2447
2,36,0,2452
2,36,0,2453
2,36,0,246
2,36,0,2462
2,36,0,2466
2,36,0,2468
2,36,0,2469
2,36,0,2519
2,36,0,2530
2,36,0,2542
2,36,0,2546
2,36,0,2569
2,36,0,2583
2,36,0,2632
2,36,0,2644
2,36,0,2648
2,36,0,2651
2,36,0,2658
2,36,0,2723
2,36,0,2738
2,36,0,2786
2,36,0,279
2,36,0,2793
2,36,0,2798
2,36,0,2801
2,36,0,2813
2,36,0,2817
2,36,0,2828
2,36,0,285
2,36,0,2851
2,36,0,2852
2,36,0,2882
2,36,0,2890
2,36,0,3
2,36,0,336
2,36,0,388
2,36,0,43
2,36,0,432
2,36,0,442
2,36,0,449
2,36,0,478
2,36,0,496
2,36,0,5
2,36,0,516
2,36,0,526
2,36,0,541
2,36,0,55
2,36,0,560
2,36,0,563
2,36,0,604
2,36,0,607
2,36,0,64
2,36,0,640
2,36,0,646
2,36,0,650
2,36,0,666
2,36,0,668
2,36,0,670
2,36,0,673
2,36,0,675
2,36,0,679
2,36,0,685
2,36,0,697
2,36,0,708
2,36,0,734
2,36,0,74
2,36,0,752
2,36,0,763
2,36,0,77
2,36,0,797
2,36,0,830
2,36,0,832
2,36,0,843
2,36,0,879
2,36,0,880
2,36,0,918
2,36,0,929
2,36,0,935
2,36,0,95
2,36,0,954
2,36,0,963
2,36,0,976
2,36,0,979
2,37,0,1274
2,37,0,1423
2,37,0,1635
2,37,0,1690
2,37,0,1791
2,37,0,1922
2,37,0,1967
2,37,0,1979
2,37,0,2001
2,37,0,2208
2,37,0,2266
2,37,0,2338
2,37,0,291
2,37,0,382
2,37,0,476
2,37,0,639
2,37,0,691
2,37,0,781
2,37,0,96
2,37,0,972
2,38,0,1094
2,38,0,113
2,38,0,1187
2,38,0,1245
2,38,0,1251
2,38,0,1316
2,38,0,1432
2,38,0,1505
2,38,0,1557
2,38,0,1578
2,38,0,1650
2,38,0,1694
2,38,0,1695
2,38,0,2076
2,38,0,2210
2,38,0,2232
2,38,0,2394
2,38,0,2399
2,38,0,2692
2,38,0,2694
2,38,0,2722
2,38,0,345
2,38,0,369
2,38,0,492
2,38,0,518
2,38,0,693
2,38,0,877
2,38,0,916
2,38,0,940
2,39,0,1001
2,39,0,1008
2,39,0,1009
2,39,0,101
2,39,0,1012
2,39,0,1013
2,39,0,1014
2,39,0,1032
2,39,0,1038
2,39,0,1041
2,39,0,1087
2,39,0,1093
2,39,0,111
2,39,0,1118
2,39,0,1120
2,39,0,1160
2,39,0,1180
2,39,0,1195
2,39,0,1239
2,39,0,1272
2,39,0,1283
2,39,0,1294
2,39,0,1337
2,39,0,134
2,39,0,135
2,39,0,1361
2,39,0,137
2,39,0,1380
2,39,0,1384
2,39,0,1385
2,39,0,1391
2,39,0,1393
2,39,0,1430
2,39,0,1440
2,39,0,1485
2,39,0,1501
2,39,0,1503
2,39,0,1506
2,39,0,1535
2,39,0,1551
2,39,0,1553
2,39,0,1555
2,39,0,1574
2,39,0,1585
2,39,0,1608
2,39,0,163
2,39,0,1692
2,39,0,1693
2,39,0,1700
2,39,0,1701
2,39,0,1743
2,39,0,1775
2,39,0,1776
2,39,0,1784
2,39,0,1792
2,39,0,1794
2,39,0,1798
2,39,0,1840
2,39,0,1889
2,39,0,189
2,39,0,1912
2,39,0,1915
2,39,0,1927
2,39,0,1951
2,39,0,1956
2,39,0,1963
2,39,0,2004
2,39,0,2022
2,39,0,2032
2,39,0,2036
2,39,0,2056
2,39,0,2061
2,39,0,2073
2,39,0,2079
2,39,0,2100
2,39,0,2118
2,39,0,2166
2,39,0,217
2,39,0,2203
2,39,0,2244
2,39,0,2271
2,39,0,228
2,39,0,2294
2,39,0,2298
2,39,0,2348
2,39,0,235
2,39,0,2354
2,39,0,2373
2,39,0,2385
2,39,0,24
2,39,0,2409
2,39,0,2417
2,39,0,2437
2,39,0,2457
2,39,0,2461
2,39,0,2479
2,39,0,2487
2,39,0,2489
2,39,0,249
2,39,0,2502
2,39,0,2523
2,39,0,2564
2,39,0,2580
2,39,0,2590
2,39,0,261
2,39,0,265
2,39,0,2652
2,39,0,266
2,39,0,2674
2,39,0,2677
2,39,0,2701
2,39,0,2737
2,39,0,2739
2,39,0,2750
2,39,0,2759
2,39,0,282
2,39,0,2849
2,39,0,2859
2,39,0,2869
2,39,0,2891
2,39,0,2903
2,39,0,2913
2,39,0,310
2,39,0,312
2,39,0,356
2,39,0,386
2,39,0,41
2,39,0,412
2,39,0,42
2,39,0,426
2,39,0,431
2,39,0,437
2,39,0,443
2,39,0,463
2,39,0,469
2,39,0,47
2,39,0,499
2,39,0,521
2,39,0,546
2,39,0,553
2,39,0,598
2,39,0,602
2,39,0,618
2,39,0,621
2,39,0,636
2,39,0,647
2,39,0,659
2,39,0,66
2,39,0,694
2,39,0,722
2,39,0,724
2,39,0,745
2,39,0,758
2,39,0,766
2,39,0,773
2,39,0,803
2,39,0,812
2,39,0,897
2,39,0,9
2,39,0,924
2,39,0,938
2,39,0,944
2,39,0,952
2,39,0,967
2,39,0,97
2,39,0,975
2,39,0,983
2,39,0,995
2,4,0,585
2,4,0,968
2,40,0,1223
2,40,0,1309
2,40,0,1651
2,40,0,1830
2,40,0,2258
2,40,0,2314
2,40,0,2785
2,40,0,348
2,40,0,359
2,40,0,409
2,40,0,654
2,40,0,987
2,40,0,997
2,41,0,1010
2,41,0,1021
2,41,0,1045
2,41,0,1054
2,41,0,1082
2,41,0,1108
2,41,0,1146
2,41,0,1193
2,41,0,1240
2,41,0,1253
2,41,0,127
2,41,0,1277
2,41,0,1278
2,41,0,1280
2,41,0,1282
2,41,0,1287
2,41,0,1307
2,41,0,1325
2,41,0,1329
2,41,0,1351
2,41,0,1363
2,41,0,1383
2,41,0,1442
2,41,0,1454
2,41,0,1458
2,41,0,1508
2,41,0,1554
2,41,0,1559
2,41,0,1565
2,41,0,1566
2,41,0,1599
2,41,0,1684
2,41,0,169
2,41,0,17
2,41,0,1703
2,41,0,1721
2,41,0,1763
2,41,0,1806
2,41,0,1810
2,41,0,1834
2,41,0,1847
2,41,0,1862
2,41,0,1863
2,41,0,1869
2,41,0,1873
2,41,0,1891
2,41,0,1895
2,41,0,19
2,41,0,1909
2,41,0,1934
2,41,0,1947
2,41,0,1966
2,41,0,1996
2,41,0,2075
2,41,0,2083
2,41,0,214
2,41,0,2141
2,41,0,2143
2,41,0,216
2,41,0,2182
2,41,0,2237
2,41,0,2239
2,41,0,2247
2,41,0,2308
2,41,0,2313
2,41,0,2325
2,41,0,2345
2,41,0,2380
2,41,0,2393
2,41,0,2401
2,41,0,2408
2,41,0,2412
2,41,0,2432
2,41,0,2459
2,41,0,2484
2,41,0,2490
2,41,0,2533
2,41,0,2543
2,41,0,257
2,41,0,2596
2,41,0,2657
2,41,0,2666
2,41,0,27
2,41,0,2707
2,41,0,2708
2,41,0,2717
2,41,0,2718
2,41,0,2721
2,41,0,274
2,41,0,277
2,41,0,2814
2,41,0,2885
2,41,0,2908
2,41,0,303
2,41,0,316
2,41,0,326
2,41,0,328
2,41,0,404
2,41,0,405
2,41,0,424
2,41,0,440
2,41,0,501
2,41,0,507
2,41,0,522
2,41,0,540
2,41,0,542
2,41,0,543
2,41,0,580
2,41,0,609
2,41,0,65
2,41,0,652
2,41,0,667
2,41,0,677
2,41,0,707
2,41,0,714
2,41,0,715
2,41,0,759
2,41,0,762
2,41,0,767
2,41,0,772
2,41,0,775
2,41,0,794
2,41,0,826
2,41,0,840
2,41,0,860
2,41,0,887
2,41,0,892
2,41,0,907
2,42,0,1401
2,42,0,1655
2,42,0,1688
2,42,0,2049
2,42,0,2281
2,42,0,2288
2,42,0,586
2,42,0,996
2,44,0,1292
2,44,0,1586
2,44,0,1659
2,44,0,1903
2,44,0,1913
2,44,0,2107
2,44,0,2137
2,44,0,2194
2,44,0,2251
2,44,0,2312
2,44,0,2624
2,44,0,268
2,44,0,2745
2,44,0,364
2,44,0,379
2,44,0,71
2,44,0,872
2,44,0,943
2,45,0,1705
2,45,0,2033
2,45,0,2084
2,45,0,2323
2,45,0,577
2,45,0,799
2,46,0,1044
2,46,0,11
2,46,0,1142
2,46,0,1186
2,46,0,1194
2,46,0,1200
2,46,0,1266
2,46,0,1328
2,46,0,1340
2,46,0,1346
2,46,0,136
2,46,0,138
2,46,0,1418
2,46,0,1524
2,46,0,1530
2,46,0,1602
2,46,0,1670
2,46,0,1707
2,46,0,1752
2,46,0,177
2,46,0,1808
2,46,0,185
2,46,0,1933
2,46,0,1990
2,46,0,200
2,46,0,2082
2,46,0,2108
2,46,0,2114
2,46,0,2120
2,46,0,213
2,46,0,2145
2,46,0,2162
2,46,0,2243
2,46,0,2277
2,46,0,229
2,46,0,238
2,46,0,2494
2,46,0,2696
2,46,0,2790
2,46,0,2897
2,46,0,2901
2,46,0,320
2,46,0,335
2,46,0,427
2,46,0,450
2,46,0,568
2,46,0,633
2,46,0,674
2,46,0,692
2,46,0,696
2,46,0,732
2,46,0,79
2,46,0,796
2,46,0,806
2,46,0,853
2,46,0,969
2,46,0,990
2,47,0,1024
2,47,0,1025
2,47,0,1067
2,47,0,1083
2,47,0,109
2,47,0,1132
2,47,0,1165
2,47,0,1168
2,47,0,1175
2,47,0,1220
2,47,0,1250
2,47,0,1259
2,47,0,126
2,47,0,1281
2,47,0,1285
2,47,0,1286
2,47,0,1289
2,47,0,1303
2,47,0,1323
2,47,0,1350
2,47,0,1362
2,47,0,1409
2,47,0,1417
2,47,0,1431
2,47,0,1438
2,47,0,1448
2,47,0,1456
2,47,0,1464
2,47,0,1486
2,47,0,1512
2,47,0,1516
2,47,0,152
2,47,0,156
2,47,0,1561
2,47,0,1567
2,47,0,1577
2,47,0,1579
2,47,0,1618
2,47,0,1665
2,47,0,1715
2,47,0,175
2,47,0,1837
2,47,0,1844
2,47,0,1858
2,47,0,1867
2,47,0,1904
2,47,0,1907
2,47,0,1921
2,47,0,1929
2,47,0,195
2,47,0,1975
2,47,0,2016
2,47,0,2017
2,47,0,2053
2,47,0,2081
2,47,0,2121
2,47,0,2133
2,47,0,2142
2,47,0,2206
2,47,0,221
2,47,0,2264
2,47,0,2292
2,47,0,2297
2,47,0,2329
2,47,0,2335
2,47,0,2378
2,47,0,2400
2,47,0,2430
2,47,0,2441
2,47,0,2476
2,47,0,2512
2,47,0,254
2,47,0,2558
2,47,0,2567
2,47,0,2568
2,47,0,2576
2,47,0,2599
2,47,0,2604
2,47,0,2729
2,47,0,2788
2,47,0,28
2,47,0,295
2,47,0,302
2,47,0,306
2,47,0,346
2,47,0,354
2,47,0,371
2,47,0,464
2,47,0,517
2,47,0,534
2,47,0,591
2,47,0,61
2,47,0,625
2,47,0,684
2,47,0,70
2,47,0,717
2,47,0,740
2,47,0,75
2,47,0,753
2,47,0,755
2,47,0,8
2,47,0,808
2,47,0,825
2,47,0,936
2,47,0,974
2,48,0,1006
2,48,0,1016
2,48,0,106
2,48,0,1086
2,48,0,1213
2,48,0,1229
2,48,0,1244
2,48,0,125
2,48,0,129
2,48,0,1305
2,48,0,1347
2,48,0,1387
2,48,0,1425
2,48,0,1436
2,48,0,1466
2,48,0,1478
2,48,0,15
2,48,0,1502
2,48,0,1542
2,48,0,1576
2,48,0,1583
2,48,0,1679
2,48,0,1717
2,48,0,1734
2,48,0,1747
2,48,0,1827
2,48,0,1852
2,48,0,1861
2,48,0,1902
2,48,0,1945
2,48,0,20
2,48,0,2098
2,48,0,2102
2,48,0,2115
2,48,0,2117
2,48,0,2245
2,48,0,2276
2,48,0,2280
2,48,0,2283
2,48,0,2330
2,48,0,2372
2,48,0,2375
2,48,0,2390
2,48,0,2391
2,48,0,240
2,48,0,2403
2,48,0,2449
2,48,0,2478
2,48,0,248
2,48,0,2488
2,48,0,2497
2,48,0,2556
2,48,0,2585
2,48,0,2589
2,48,0,2710
2,48,0,2713
2,48,0,2733
2,48,0,2743
2,48,0,2748
2,48,0,2760
2,48,0,2818
2,48,0,2832
2,48,0,2834
2,48,0,2863
2,48,0,2870
2,48,0,380
2,48,0,418
2,48,0,455
2,48,0,456
2,48,0,490
2,48,0,510
2,48,0,514
2,48,0,525
2,48,0,530
2,48,0,549
2,48,0,60
2,48,0,645
2,48,0,688
2,48,0,712
2,48,0,723
2,48,0,735
2,48,0,737
2,48,0,748
2,48,0,771
2,48,0,774
2,48,0,795
2,48,0,810
2,48,0,820
2,48,0,883
2,48,0,884
2,48,0,905
2,48,0,949
2,48,0,956
2,48,0,977
2,48,0,991
2,49,0,132
2,49,0,1415
2,49,0,1424
2,49,0,1769
2,49,0,1816
2,49,0,962
2,50,0,1167
2,50,0,1171
2,50,0,1216
2,50,0,131
2,50,0,1500
2,50,0,1631
2,50,0,1686
2,50,0,1736
2,50,0,174
2,50,0,1783
2,50,0,1815
2,50,0,1882
2,50,0,1977
2,50,0,1986
2,50,0,2183
2,50,0,2200
2,50,0,2257
2,50,0,2349
2,50,0,2363
2,50,0,2377
2,50,0,2507
2,50,0,2641
2,50,0,2768
2,50,0,2805
2,50,0,458
2,50,0,581
2,50,0,709
2,50,0,764
2,50,0,824
2,51,0,2136
2,52,0,2021
2,53,0,1061
2,53,0,147
2,53,0,1636
2,53,0,205
2,53,0,2060
2,53,0,2091
2,53,0,2726
2,53,0,2753
2,54,0,1261
2,54,0,1293
2,54,0,165
2,54,0,1657
2,54,0,1969
2,54,0,2236
2,54,0,2327
2,54,0,2436
2,54,0,2770
2,54,0,2845
2,54,0,2855
2,54,0,314
2,54,0,721
2,55,0,1868
2,55,0,911
2,56,0,1492
2,56,0,153
2,56,0,1789
2,56,0,180
2,56,0,1812
2,56,0,1874
2,56,0,2025
2,56,0,2089
2,56,0,2560
2,56,0,2592
2,56,0,2792
2,56,0,2808
2,56,0,2848
2,56,0,33
2,56,0,850
2,56,0,88
2,56,0,893
2,56,0,927
2,57,0,1003
2,57,0,1123
2,57,0,1161
2,57,0,1297
2,57,0,1394
2,57,0,1400
2,57,0,1467
2,57,0,1481
2,57,0,150
2,57,0,1591
2,57,0,1641
2,57,0,1942
2,57,0,2009
2,57,0,2045
2,57,0,2177
2,57,0,2191
2,57,0,2226
2,57,0,2324
2,57,0,2433
2,57,0,2456
2,57,0,2525
2,57,0,2528
2,57,0,2618
2,57,0,2660
2,57,0,2755
2,57,0,2779
2,57,0,280
2,57,0,2829
2,57,0,2866
2,57,0,352
2,57,0,536
2,57,0,716
2,57,0,733
2,57,0,804
2,57,0,836
2,57,0,871
2,57,0,950
2,57,0,953
2,57,0,971
2,57,0,993
2,58,0,1290
2,58,0,1322
2,58,0,1373
2,58,0,2062
2,58,0,2340
2,58,0,2606
2,58,0,2791
2,58,0,2830
2,58,0,769
2,58,0,845
2,58,0,867
2,59,0,1534
2,59,0,1617
2,59,0,207
2,59,0,2581
2,59,0,486
2,6,0,1023
2,6,0,1232
2,6,0,1865
2,6,0,2088
2,6,0,2773
2,60,0,1575
2,60,0,1728
2,60,0,2077
2,60,0,2209
2,60,0,2571
2,60,0,470
2,61,0,1022
2,61,0,1212
2,61,0,1241
2,61,0,1331
2,61,0,1345
2,61,0,140
2,61,0,144
2,61,0,1453
2,61,0,1536
2,61,0,1543
2,61,0,1664
2,61,0,1709
2,61,0,1756
2,61,0,1859
2,61,0,1890
2,61,0,1949
2,61,0,1953
2,61,0,2002
2,61,0,2007
2,61,0,2048
2,61,0,2054
2,61,0,2155
2,61,0,2215
2,61,0,241
2,61,0,2416
2,61,0,242
2,61,0,2541
2,61,0,2549
2,61,0,2613
2,61,0,2621
2,61,0,2763
2,61,0,2806
2,61,0,2810
2,61,0,2831
2,61,0,334
2,61,0,357
2,61,0,362
2,61,0,448
2,61,0,627
2,61,0,648
2,61,0,653
2,61,0,68
2,61,0,7
2,61,0,738
2,61,0,814
2,61,0,839
2,61,0,919
2,61,0,948
2,63,0,1052
2,63,0,1059
2,63,0,1079
2,63,0,121
2,63,0,122
2,63,0,1257
2,63,0,1308
2,63,0,1314
2,63,0,1357
2,63,0,1360
2,63,0,1369
2,63,0,1386
2,63,0,1447
2,63,0,1449
2,63,0,1459
2,63,0,1473
2,63,0,1491
2,63,0,16
2,63,0,1601
2,63,0,1612
2,63,0,1647
2,63,0,1663
2,63,0,1739
2,63,0,1800
2,63,0,1811
2,63,0,1821
2,63,0,1826
2,63,0,1839
2,63,0,1892
2,63,0,1893
2,63,0,1894
2,63,0,1936
2,63,0,1948
2,63,0,2
2,63,0,2050
2,63,0,2057
2,63,0,2125
2,63,0,2129
2,63,0,2161
2,63,0,2174
2,63,0,2197
2,63,0,220
2,63,0,2223
2,63,0,2256
2,63,0,2272
2,63,0,2273
2,63,0,2317
2,63,0,2328
2,63,0,2333
2,63,0,2347
2,63,0,2352
2,63,0,2362
2,63,0,2427
2,63,0,2471
2,63,0,2491
2,63,0,2493
2,63,0,2511
2,63,0,2524
2,63,0,2529
2,63,0,2578
2,63,0,258
2,63,0,2591
2,63,0,260
2,63,0,2626
2,63,0,2634
2,63,0,2656
2,63,0,2687
2,63,0,278
2,63,0,2782
2,63,0,2856
2,63,0,2876
2,63,0,2877
2,63,0,2906
2,63,0,367
2,63,0,38
2,63,0,391
2,63,0,411
2,63,0,482
2,63,0,498
2,63,0,52
2,63,0,566
2,63,0,570
2,63,0,589
2,63,0,615
2,63,0,622
2,63,0,632
2,63,0,649
2,63,0,669
2,63,0,681
2,63,0,760
2,63,0,776
2,63,0,778
2,63,0,779
2,63,0,823
2,63,0,829
2,63,0,851
2,63,0,858
2,63,0,873
2,63,0,904
2,63,0,970
2,63,0,989
2,64,0,925
2,65,0,2184
2,65,0,225
2,66,0,1169
2,66,0,1224
2,66,0,151
2,66,0,1750
2,66,0,206
2,66,0,2428
2,67,0,1074
2,67,0,1128
2,67,0,1182
2,67,0,1472
2,67,0,1691
2,67,0,1759
2,67,0,1814
2,67,0,1970
2,67,0,2059
2,67,0,2319
2,67,0,234
2,67,0,2397
2,67,0,2535
2,67,0,2608
2,67,0,2697
2,67,0,2783
2,67,0,2837
2,67,0,358
2,67,0,594
2,67,0,922
2,67,0,978
2,68,0,1113
2,68,0,1170
2,68,0,1427
2,68,0,1511
2,68,0,1793
2,68,0,1820
2,68,0,2240
2,68,0,2370
2,68,0,2455
2,68,0,2477
2,68,0,290
2,68,0,515
2,68,0,593
2,68,0,85
2,69,0,1049
2,69,0,1089
2,69,0,1177
2,69,0,1188
2,69,0,1479
2,69,0,1487
2,69,0,1987
2,69,0,2144
2,69,0,2150
2,69,0,2387
2,69,0,2435
2,69,0,2778
2,69,0,341
2,69,0,441
2,69,0,506
2,69,0,78
2,70,0,1072
2,70,0,269
2,71,0,102
2,71,0,1402
2,71,0,182
2,71,0,2383
2,71,0,2421
2,71,0,2602
2,71,0,981
2,72,0,1234
2,72,0,1483
2,72,0,982
2,74,0,1081
2,74,0,1102
2,74,0,115
2,74,0,1157
2,74,0,1162
2,74,0,1163
2,74,0,1207
2,74,0,1263
2,74,0,1419
2,74,0,1529
2,74,0,1609
2,74,0,1662
2,74,0,1735
2,74,0,1740
2,74,0,1825
2,74,0,199
2,74,0,2028
2,74,0,2043
2,74,0,2132
2,74,0,2229
2,74,0,2561
2,74,0,2587
2,74,0,2630
2,74,0,270
2,74,0,2780
2,74,0,682
2,74,0,720
2,74,0,866
2,74,0,878
2,74,0,881
2,74,0,886
2,74,0,941
2,75,0,2504
2,75,0,2772
2,76,0,2034
2,77,0,637
2,78,0,2216
2,78,0,2522
2,78,0,562
2,78,0,573
2,79,0,1866
2,79,0,337
2,79,0,479
2,79,0,565
2,80,0,322
2,80,0,330
2,82,0,2398
2,82,0,2553
2,82,0,353
2,84,0,485
2,9,0,1924
3,2,0,252
3,24,0,1437
3,3,0,366
3,30,0,1985
3,32,0,1134
3,32,0,1204
3,32,0,1211
3,32,0,1318
3,32,0,1376
3,32,0,1381
3,32,0,1477
3,32,0,1678
3,32,0,18
3,32,0,1939
3,32,0,2094
3,32,0,2164
3,32,0,2351
3,32,0,2368
3,32,0,2371
3,32,0,323
3,32,0,56
3,32,0,599
3,32,0,915
3,34,0,1117
3,34,0,1218
3,34,0,1399
3,34,0,154
3,34,0,1754
3,34,0,1771
3,34,0,1795
3,34,0,1957
3,34,0,2178
3,34,0,2269
3,34,0,2548
3,34,0,2671
3,34,0,453
3,34,0,62
3,34,0,683
3,34,0,690
3,35,0,524
3,36,0,1148
3,36,0,1378
3,36,0,1404
3,36,0,1460
3,36,0,1515
3,36,0,1531
3,36,0,1638
3,36,0,1675
3,36,0,1848
3,36,0,1984
3,36,0,2010
3,36,0,2020
3,36,0,2031
3,36,0,2159
3,36,0,2176
3,36,0,226
3,36,0,231
3,36,0,243
3,36,0,2509
3,36,0,2684
3,36,0,2749
3,36,0,2819
3,36,0,2858
3,36,0,2881
3,36,0,293
3,36,0,305
3,36,0,324
3,36,0,329
3,36,0,408
3,36,0,504
3,36,0,548
3,36,0,69
3,36,0,754
3,36,0,792
3,36,0,833
3,36,0,869
3,36,0,960
3,37,0,1099
3,37,0,1646
3,37,0,1667
3,37,0,1674
3,37,0,2467
3,37,0,2532
3,37,0,2736
3,37,0,393
3,37,0,509
3,37,0,558
3,37,0,802
3,37,0,923
3,39,0,100
3,39,0,1071
3,39,0,1139
3,39,0,1203
3,39,0,1270
3,39,0,1403
3,39,0,1469
3,39,0,1510
3,39,0,1581
3,39,0,172
3,39,0,1773
3,39,0,1841
3,39,0,1854
3,39,0,1900
3,39,0,1962
3,39,0,2052
3,39,0,2090
3,39,0,2180
3,39,0,2238
3,39,0,2572
3,39,0,2840
3,39,0,2841
3,39,0,2902
3,39,0,425
3,39,0,433
3,39,0,445
3,39,0,462
3,39,0,736
3,39,0,847
3,39,0,862
3,39,0,912
3,40,0,1324
3,40,0,656
3,40,0,671
3,40,0,676
3,41,0,107
3,41,0,1209
3,41,0,1214
3,41,0,1271
3,41,0,1607
3,41,0,1654
3,41,0,2015
3,41,0,2149
3,41,0,2475
3,41,0,2506
3,41,0,2544
3,41,0,2577
3,41,0,2727
3,41,0,2865
3,41,0,2898
3,41,0,2900
3,41,0,399
3,41,0,531
3,41,0,583
3,41,0,777
3,41,0,816
3,41,0,82
3,43,0,1019
3,43,0,1622
3,44,0,1068
3,44,0,1718
3,44,0,29
3,45,0,1066
3,45,0,2872
3,46,0,1971
3,47,0,1005
3,47,0,1284
3,47,0,1498
3,47,0,2789
3,47,0,315
3,47,0,36
3,48,0,114
3,48,0,1176
3,48,0,1198
3,48,0,1227
3,48,0,1570
3,48,0,2221
3,48,0,2299
3,48,0,2305
3,48,0,2555
3,48,0,297
3,48,0,588
3,48,0,882
3,50,0,1606
3,50,0,2784
3,54,0,191
3,54,0,2451
3,54,0,2573
3,54,0,2732
3,54,0,624
3,54,0,946
3,56,0,1020
3,56,0,2170
3,56,0,263
3,56,0,484
3,56,0,973
3,57,0,2065
3,58,0,1065
3,58,0,1408
3,58,0,2011
3,58,0,2069
3,58,0,2516
3,58,0,31
3,58,0,837
3,60,0,1336
3,61,0,1238
3,61,0,1733
3,61,0,1851
3,61,0,1919
3,61,0,1935
3,61,0,2070
3,61,0,2374
3,61,0,2501
3,61,0,2844
3,61,0,2889
3,61,0,307
3,61,0,430
3,63,0,1004
3,63,0,1046
3,63,0,1069
3,63,0,166
3,63,0,1677
3,63,0,192
3,63,0,2388
3,63,0,2464
3,63,0,2514
3,63,0,2517
3,63,0,2712
3,63,0,2716
3,63,0,2883
3,63,0,339
3,63,0,44
3,63,0,523
3,63,0,547
3,63,0,620
3,63,0,657
3,63,0,718
3,63,0,725
3,63,0,822
3,65,0,1233
3,65,0,1243
3,65,0,343
3,65,0,704
3,66,0,1101
3,67,0,1532
3,67,0,1765
3,71,0,1031
3,71,0,1668
3,71,0,2825
3,75,0,299
3,8,0,198
3,85,0,828
4,1,0,1731
4,21,0,1725
4,3,0,1541
4,32,0,2147
4,32,0,2735
4,32,0,2861
4,33,0,1711
4,33,0,2800
4,33,0,672
4,34,0,1356
4,34,0,1761
4,34,0,2250
4,34,0,2425
4,34,0,262
4,34,0,2645
4,34,0,2706
4,34,0,2767
4,34,0,2827
4,34,0,2894
4,34,0,294
4,34,0,705
4,34,0,761
4,34,0,819
4,36,0,1064
4,36,0,1121
4,36,0,1138
4,36,0,1154
4,36,0,1184
4,36,0,1197
4,36,0,1364
4,36,0,1632
4,36,0,1640
4,36,0,1732
4,36,0,1799
4,36,0,1878
4,36,0,1918
4,36,0,2093
4,36,0,2124
4,36,0,215
4,36,0,2217
4,36,0,2246
4,36,0,2665
4,36,0,2754
4,36,0,2839
4,36,0,2899
4,36,0,319
4,36,0,344
4,36,0,401
4,36,0,435
4,36,0,848
4,36,0,908
4,36,0,932
4,36,0,966
4,37,0,1288
4,37,0,1452
4,37,0,451
4,38,0,1584
4,38,0,444
4,39,0,1017
4,39,0,1595
4,39,0,167
4,39,0,2309
4,39,0,2670
4,39,0,493
4,39,0,610
4,39,0,664
4,41,0,1058
4,41,0,1256
4,41,0,1372
4,41,0,1786
4,41,0,1943
4,41,0,2148
4,41,0,2620
4,41,0,2683
4,41,0,2893
4,41,0,638
4,46,0,642
4,46,0,831
4,47,0,1000
4,47,0,1210
4,47,0,1231
4,47,0,139
4,47,0,1450
4,47,0,1639
4,47,0,1885
4,47,0,2175
4,47,0,2265
4,47,0,2304
4,47,0,2444
4,47,0,2826
4,47,0,304
4,47,0,452
4,47,0,587
4,47,0,730
4,48,0,149
4,48,0,267
4,48,0,6
4,48,0,992
4,50,0,392
4,53,0,142
4,53,0,2287
4,53,0,2410
4,53,0,2616
4,53,0,834
4,53,0,86
4,54,0,2092
4,54,0,2443
4,56,0,1122
4,57,0,338
4,58,0,2301
4,58,0,2316
4,58,0,2595
4,61,0,1470
4,61,0,2331
4,63,0,1026
4,63,0,1077
4,63,0,1130
4,63,0,120
4,63,0,1596
4,63,0,2160
4,63,0,2474
4,63,0,2559
4,63,0,2625
4,63,0,281
4,63,0,658
4,63,0,849
4,65,0,939
4,67,0,1100
4,67,0,1196
4,67,0,1313
4,67,0,1446
4,67,0,1884
4,67,0,2540
4,67,0,807
4,68,0,2588
4,69,0,818
4,69,0,87
4,7,0,596
4,72,0,2140
4,74,0,2195
4,74,0,2205
4,75,0,1669
4,75,0,1993
4,81,0,2862
4,84,0,1540
5,1,0,1091
5,1,0,2566
5,32,0,1011
5,32,0,1249
5,32,0,1330
5,32,0,1742
5,32,0,188
5,32,0,1972
5,32,0,2014
5,32,0,2066
5,32,0,2326
5,32,0,2445
5,32,0,245
5,32,0,2483
5,32,0,2527
5,32,0,253
5,32,0,422
5,32,0,611
5,68,0,2450
6,32,0,1217
6,32,0,1219
6,32,0,1549
6,32,0,1788
6,32,0,264
6,32,0,2812
6,32,0,300
6,32,0,606
6,36,0,179
6,36,0,244
6,36,0,876
6,38,0,108
6,41,0,202
6,47,0,2711
6,47,0,699
7,13,0,1192
7,13,0,219
7,32,0,1523
7,32,0,2513
7,32,0,564
7,36,0,1255
7,36,0,701
7,37,0,1451
7,37,0,793
7,38,0,889
7,47,0,959
8,36,0,76
8,41,0,1683
8,41,0,1860
8,42,0,1760
8,42,0,259
8,42,0,39
8,42,0,537
8,46,0,576
8,47,0,148
8,47,0,2006
8,47,0,2356
8,47,0,2649
8,56,0,2574
8,66,0,1104
8,66,0,118
8,66,0,1183
8,66,0,1937
8,66,0,272
8,66,0,569
8,66,0,855
8,66,0,931
8,69,0,1796
9,1,0,1057
9,1,0,1917
9,1,0,1941
9,29,0,471
9,32,0,1030
9,32,0,1085
9,32,0,1096
9,32,0,1149
9,32,0,1155
9,32,0,1191
9,32,0,130
9,32,0,133
9,32,0,1343
9,32,0,1344
9,32,0,1377
9,32,0,1406
9,32,0,1499
9,32,0,1572
9,32,0,1673
9,32,0,1689
9,32,0,1729
9,32,0,1817
9,32,0,1829
9,32,0,1853
9,32,0,1901
9,32,0,1908
9,32,0,1995
9,32,0,2024
9,32,0,2095
9,32,0,210
9,32,0,2189
9,32,0,2213
9,32,0,2361
9,32,0,2448
9,32,0,2460
9,32,0,2481
9,32,0,2609
9,32,0,2650
9,32,0,2705
9,32,0,2868
9,32,0,289
9,32,0,355
9,32,0,361
9,32,0,376
9,32,0,403
9,32,0,436
9,32,0,489
9,32,0,495
9,32,0,567
9,32,0,584
9,32,0,644
9,32,0,686
9,32,0,700
9,32,0,951
9,34,0,224
9,34,0,2262
9,34,0,2505
9,34,0,947
9,34,0,965
9,36,0,1366
9,36,0,1490
9,36,0,1755
9,36,0,1777
9,36,0,1843
9,36,0,2728
9,36,0,2797
9,36,0,2803
9,36,0,466
9,36,0,474
9,36,0,520
9,36,0,550
9,36,0,59
9,36,0,728
9,36,0,863
9,38,0,1147
9,38,0,1730
9,38,0,187
9,38,0,2040
9,38,0,2415
9,38,0,2663
9,38,0,488
9,38,0,58
9,39,0,1317
9,39,0,1379
9,39,0,1527
9,39,0,1582
9,39,0,1877
9,39,0,2756
9,39,0,2880
9,39,0,917
9,40,0,2220
9,40,0,2439
9,41,0,1105
9,41,0,1159
9,41,0,1268
9,41,0,1405
9,41,0,1522
9,41,0,1682
9,41,0,1766
9,41,0,2044
9,41,0,2384
9,41,0,2617
9,41,0,2811
9,41,0,665
9,41,0,702
9,42,0,1876
9,42,0,21
9,44,0,2539
9,44,0,2912
9,45,0,1590
9,45,0,1952
9,47,0,1355
9,47,0,1411
9,47,0,1416
9,47,0,1598
9,47,0,1633
9,47,0,1687
9,47,0,1780
9,47,0,2085
9,47,0,2252
9,47,0,2357
9,47,0,2470
9,47,0,2482
9,47,0,2781
9,47,0,2892
9,47,0,508
9,47,0,605
9,48,0,1923
9,48,0,2702
9,48,0,790
9,48,0,894
9,5,0,1726
9,50,0,1300
9,50,0,1392
9,50,0,2230
9,50,0,2261
9,50,0,2742
9,50,0,461
9,50,0,838
9,50,0,856
9,56,0,765
9,61,0,1053
9,61,0,1568
9,61,0,1753
9,61,0,2139
9,61,0,2204
9,61,0,227
9,61,0,2310
9,61,0,340
9,61,0,899
9,61,0,933
9,63,0,1107
9,63,0,1439
9,63,0,934
9,65,0,1589
9,65,0,2551
9,66,0,1042
9,66,0,1696
9,66,0,1818
9,66,0,193
9,66,0,1938
9,66,0,1968
9,66,0,2012
9,66,0,2350
9,66,0,2405
9,66,0,2669
9,66,0,2833
9,66,0,32
9,66,0,372
9,66,0,400
9,66,0,414
9,66,0,416
9,66,0,46
9,66,0,481
9,66,0,50
9,66,0,590
9,66,0,643
9,66,0,99
9,67,0,1395
9,67,0,1714
9,67,0,1738
9,67,0,473
9,68,0,1254
9,68,0,1538
9,68,0,1772
9,68,0,256
9,68,0,2838
9,69,0,1626
9,69,0,1999
9,71,0,1301
9,71,0,2597
9,75,0,2063
9,75,0,2796
9,75,0,457
9,75,0,955
9,84,0,351
