from_stop_id,to_stop_id,transfer_type,min_transfer_time
13401,13402,2,49
13402,13401,2,49
51501,51502,2,43
51502,51501,2,43
51601,51602,2,41
51602,51601,2,41
61611,61612,2,31
61611,106712,2,127
61612,61611,2,31
61711,61712,2,4
61712,61711,2,4
61901,61903,2,3
61901,61911,2,48
61901,61902,2,56
61902,61903,2,55
61902,61911,2,56
61902,61901,2,56
61903,61901,2,3
61903,61911,2,45
61903,61902,2,55
61911,61903,2,45
61911,61901,2,48
61911,61902,2,56
62011,62012,2,25
62012,62011,2,25
62111,62112,2,36
62112,62111,2,36
62301,62302,2,109
62302,62301,2,109
62411,62412,2,72
62412,62411,2,72
62511,62512,2,111
62512,62511,2,111
62611,62612,2,43
62612,62611,2,43
62711,62712,2,10
62712,62711,2,10
62811,63111,2,88
62811,63112,2,99
62901,62902,2,11
62901,62913,2,48
62901,62914,2,51
62901,62912,2,65
62901,62911,2,69
62902,62901,2,11
62902,62914,2,52
62902,62913,2,53
62902,62912,2,76
62902,62911,2,80
62911,62912,2,8
62911,62901,2,69
62911,62902,2,80
62911,62913,2,85
62911,62914,2,96
62912,62911,2,8
62912,62901,2,65
62912,62902,2,76
62912,62913,2,87
62912,62914,2,97
62913,62914,2,12
62913,62901,2,48
62913,62902,2,53
62913,62911,2,85
62913,62912,2,87
62914,62913,2,12
62914,62901,2,51
62914,62902,2,52
62914,62911,2,96
62914,62912,2,97
63011,63012,2,10
63012,63011,2,10
63111,63112,2,11
63111,62811,2,88
63112,63111,2,11
63112,62811,2,99
65601,65602,2,18
65602,65601,2,18
65801,65802,2,15
65802,65801,2,15
69501,69522,2,12
69501,707811,2,88
69501,707812,2,133
69522,69501,2,12
69522,707811,2,98
69522,707812,2,140
69701,69702,2,12
69702,69701,2,12
77811,77812,2,46
77811,82411,2,129
77811,82412,2,135
77812,77811,2,46
78211,78212,2,60
78212,78211,2,60
78212,82412,2,97
78212,82411,2,105
78811,78812,2,60
78812,78811,2,60
80612,82311,2,135
82311,80612,2,135
82411,82412,2,7
82411,78212,2,105
82411,77811,2,129
82412,82411,2,7
82412,78212,2,97
82412,77811,2,135
82911,82912,2,18
82911,123321,2,109
82911,126022,2,125
82912,82911,2,18
82912,123321,2,99
82912,123322,2,137
82912,126022,2,139
85601,85602,2,8
85602,85601,2,8
91001,91002,2,29
91002,91001,2,29
94001,94002,2,83
94002,94001,2,83
103311,131311,2,112
103311,131312,2,112
103311,130712,2,134
106211,108811,2,88
106211,107911,2,133
106712,61611,2,127
107911,108811,2,110
107911,106211,2,133
108612,109111,2,105
108811,106211,2,88
108811,107911,2,110
109111,108612,2,105
109311,128711,2,125
109411,134011,2,114
110211,128611,2,101
110211,134011,2,125
110611,110612,2,1
110611,110712,2,125
110611,110711,2,127
110612,110611,2,1
110612,110712,2,124
110612,110711,2,126
110711,110712,2,3
110711,132812,2,96
110711,110612,2,126
110711,110611,2,127
110711,132811,2,132
110712,110711,2,3
110712,132812,2,99
110712,110612,2,124
110712,110611,2,125
110712,132811,2,135
110811,110812,2,33
110811,110912,2,36
110811,110911,2,58
110811,111711,2,140
110811,111712,2,141
110812,110811,2,33
110812,110912,2,48
110812,110911,2,78
110911,110912,2,30
110911,110811,2,58
110911,110812,2,78
110911,111711,2,82
110911,111712,2,83
110911,114812,2,124
110911,114811,2,127
110912,110911,2,30
110912,110811,2,36
110912,110812,2,48
110912,111711,2,109
110912,111712,2,110
111611,111612,2,11
111612,111611,2,11
111711,111712,2,2
111711,114812,2,67
111711,114811,2,73
111711,110911,2,82
111711,110912,2,109
111711,124811,2,117
111711,124812,2,129
111711,110811,2,140
111712,111711,2,2
111712,114812,2,68
111712,114811,2,74
111712,110911,2,83
111712,110912,2,110
111712,124811,2,116
111712,124812,2,128
111712,110811,2,141
111912,113911,2,126
112011,112012,2,11
112011,112612,2,134
112012,112011,2,11
112012,112612,2,122
112012,112611,2,133
112211,113016,2,83
112211,113011,2,91
112211,113012,2,116
112211,113014,2,116
112411,112414,2,43
112411,112412,2,47
112411,112611,2,134
112412,112414,2,6
112412,112411,2,47
112412,112611,2,86
112412,112612,2,98
112414,112412,2,6
112414,112411,2,43
112414,112611,2,91
112414,112612,2,103
112511,112612,2,137
112511,112611,2,137
112611,112612,2,14
112611,112412,2,86
112611,112414,2,91
112611,112012,2,133
112611,112411,2,134
112611,112511,2,137
112612,112611,2,14
112612,112412,2,98
112612,112414,2,103
112612,112012,2,122
112612,112011,2,134
112612,112511,2,137
112711,112712,2,44
112712,112711,2,44
112712,112912,2,135
112811,112812,2,6
112811,133211,2,141
112812,112811,2,6
112812,133211,2,136
112812,133212,2,142
112911,112912,2,28
112911,113412,2,96
112911,133212,2,122
112911,133211,2,125
112912,112911,2,28
112912,113412,2,111
112912,112712,2,135
113011,113012,2,39
113011,113014,2,39
113011,113016,2,63
113011,112211,2,91
113012,113014,2,0
113012,113011,2,39
113012,113016,2,54
113012,112211,2,116
113014,113012,2,0
113014,113011,2,39
113014,113016,2,54
113014,112211,2,116
113016,113012,2,54
113016,113014,2,54
113016,113011,2,63
113016,112211,2,83
113111,113112,2,21
113112,113111,2,21
113221,113222,2,64
113221,113614,2,136
113222,113221,2,64
113301,113302,2,50
113302,113301,2,50
113412,112911,2,96
113412,112912,2,111
113412,133211,2,142
113521,113522,2,44
113522,113521,2,44
113601,113603,2,5
113601,113602,2,47
113601,113614,2,60
113601,113613,2,75
113601,640411,2,136
113602,113614,2,36
113602,113613,2,44
113602,113601,2,47
113602,113603,2,50
113602,640411,2,120
113603,113601,2,5
113603,113602,2,50
113603,113614,2,65
113603,113613,2,75
113603,640411,2,133
113613,113602,2,44
113613,113603,2,75
113613,113601,2,75
113613,640411,2,76
113613,113614,2,79
113613,640412,2,100
113614,113602,2,36
113614,113601,2,60
113614,113603,2,65
113614,113613,2,79
113614,113221,2,136
113811,113812,2,24
113811,116311,2,135
113812,113811,2,24
113911,113912,2,108
113911,111912,2,126
113912,113911,2,108
113912,117411,2,139
114011,114012,2,23
114012,114011,2,23
114121,114122,2,16
114122,114121,2,16
114321,114322,2,37
114322,114321,2,37
114411,114424,2,9
114411,114423,2,11
114411,114426,2,29
114411,114422,2,49
114411,114421,2,92
114421,114422,2,47
114421,114424,2,89
114421,114411,2,92
114421,114426,2,98
114421,114423,2,103
114422,114421,2,47
114422,114424,2,49
114422,114411,2,49
114422,114423,2,60
114422,114426,2,65
114423,114411,2,11
114423,114424,2,16
114423,114426,2,30
114423,114422,2,60
114423,114421,2,103
114424,114411,2,9
114424,114423,2,16
114424,114426,2,21
114424,114422,2,49
114424,114421,2,89
114426,114424,2,21
114426,114411,2,29
114426,114423,2,30
114426,114422,2,65
114426,114421,2,98
114511,114512,2,22
114511,116711,2,128
114512,114511,2,22
114601,114613,2,16
114601,114612,2,16
114601,114611,2,16
114601,114614,2,16
114601,114616,2,19
114601,114615,2,19
114601,114617,2,19
114601,114602,2,34
114602,114616,2,22
114602,114615,2,22
114602,114617,2,22
114602,114613,2,24
114602,114612,2,24
114602,114611,2,24
114602,114614,2,24
114602,114601,2,34
114611,114613,2,0
114611,114612,2,0
114611,114614,2,0
114611,114601,2,16
114611,114616,2,21
114611,114615,2,21
114611,114617,2,21
114611,114602,2,24
114612,114613,2,0
114612,114611,2,0
114612,114614,2,0
114612,114601,2,16
114612,114616,2,21
114612,114615,2,21
114612,114617,2,21
114612,114602,2,24
114613,114612,2,0
114613,114611,2,0
114613,114614,2,0
114613,114601,2,16
114613,114616,2,21
114613,114615,2,21
114613,114617,2,21
114613,114602,2,24
114614,114613,2,0
114614,114612,2,0
114614,114611,2,0
114614,114601,2,16
114614,114616,2,21
114614,114615,2,21
114614,114617,2,21
114614,114602,2,24
114615,114616,2,0
114615,114617,2,0
114615,114601,2,19
114615,114613,2,21
114615,114612,2,21
114615,114611,2,21
114615,114614,2,21
114615,114602,2,22
114616,114615,2,0
114616,114617,2,0
114616,114601,2,19
114616,114613,2,21
114616,114612,2,21
114616,114611,2,21
114616,114614,2,21
114616,114602,2,22
114617,114616,2,0
114617,114615,2,0
114617,114601,2,19
114617,114613,2,21
114617,114612,2,21
114617,114611,2,21
114617,114614,2,21
114617,114602,2,22
114811,114812,2,7
114811,111711,2,73
114811,111712,2,74
114811,124811,2,98
114811,124812,2,113
114811,110911,2,127
114812,114811,2,7
114812,111711,2,67
114812,111712,2,68
114812,124811,2,94
114812,124812,2,109
114812,110911,2,124
114911,114921,2,0
114911,114922,2,96
114911,114912,2,114
114912,114922,2,33
114912,114911,2,114
114912,114921,2,114
114921,114911,2,0
114921,114922,2,96
114921,114912,2,114
114922,114912,2,33
114922,114911,2,96
114922,114921,2,96
115021,115022,2,21
115022,115021,2,21
115111,115122,2,45
115111,115121,2,55
115121,115122,2,14
115121,115111,2,55
115122,115121,2,14
115122,115111,2,45
115212,133002,2,102
115212,133001,2,103
115212,427401,2,110
115212,427402,2,123
115311,115312,2,3
115312,115311,2,3
115511,115512,2,7
115512,115511,2,7
115711,115712,2,68
115712,115711,2,68
115811,115812,2,79
115812,115811,2,79
115911,115912,2,2
115911,133812,2,125
115911,116821,2,141
115912,115911,2,2
115912,133812,2,125
115912,116821,2,140
116004,116022,2,3
116004,116021,2,40
116004,116023,2,41
116004,116012,2,83
116011,116013,2,0
116011,116015,2,0
116011,116012,2,84
116011,116023,2,119
116011,116021,2,121
116011,119413,2,139
116012,116023,2,42
116012,116021,2,42
116012,116022,2,80
116012,116004,2,83
116012,116011,2,84
116012,116013,2,84
116012,116015,2,84
116013,116011,2,0
116013,116015,2,0
116013,116012,2,84
116013,116023,2,119
116013,116021,2,121
116013,119413,2,139
116015,116011,2,0
116015,116013,2,0
116015,116012,2,84
116015,116023,2,119
116015,116021,2,121
116015,119413,2,139
116021,116023,2,4
116021,116022,2,37
116021,116004,2,40
116021,116012,2,42
116021,116011,2,121
116021,116013,2,121
116021,116015,2,121
116022,116004,2,3
116022,116021,2,37
116022,116023,2,38
116022,116012,2,80
116023,116021,2,4
116023,116022,2,38
116023,116004,2,41
116023,116012,2,42
116023,116011,2,119
116023,116013,2,119
116023,116015,2,119
116111,116112,2,55
116112,116111,2,55
116311,116312,2,52
116311,113811,2,135
116312,116311,2,52
116611,116612,2,8
116611,116616,2,90
116612,116611,2,8
116612,116616,2,98
116616,614313,2,57
116616,116611,2,90
116616,116612,2,98
116616,614311,2,108
116711,116712,2,18
116711,114511,2,128
116712,116711,2,18
116821,133812,2,66
116821,116822,2,70
116821,115912,2,140
116821,115911,2,141
116822,116821,2,70
116822,133812,2,131
116911,116912,2,18
116912,116911,2,18
117011,117012,2,46
117011,117414,2,141
117012,117011,2,46
117411,117412,2,20
117411,117414,2,34
117411,113912,2,139
117412,117414,2,17
117412,117411,2,20
117414,117412,2,17
117414,117411,2,34
117414,117011,2,141
117611,117612,2,9
117612,117611,2,9
117711,117712,2,11
117712,117711,2,11
117811,117812,2,36
117812,117811,2,36
117911,117912,2,74
117911,118113,2,107
117911,118112,2,138
117912,117911,2,74
118001,118002,2,52
118002,118001,2,52
118111,118112,2,10
118111,118113,2,36
118112,118111,2,10
118112,118113,2,31
118112,117911,2,138
118113,118112,2,31
118113,118111,2,36
118113,117911,2,107
118211,118212,2,6
118212,118211,2,6
118411,118412,2,34
118412,118411,2,34
118521,118522,2,9
118522,118521,2,9
118611,118612,2,11
118611,145511,2,127
118611,145512,2,137
118612,118611,2,11
118612,145511,2,119
118612,145512,2,129
118721,118722,2,28
118721,119412,2,112
118721,119421,2,120
118721,119322,2,125
118722,118721,2,28
118722,119421,2,124
118722,119412,2,126
118722,679101,2,132
118812,640812,2,84
118812,641111,2,111
118812,641011,2,142
118921,118922,2,21
118922,118921,2,21
119011,119042,2,6
119042,119011,2,6
119111,119112,2,6
119111,713512,2,141
119112,119111,2,6
119211,119212,2,3
119212,119211,2,3
119321,119322,2,53
119322,119321,2,53
119322,118721,2,125
119402,119413,2,16
119402,119421,2,54
119402,119412,2,90
119402,679101,2,99
119412,119421,2,44
119412,119402,2,90
119412,119413,2,94
119412,118721,2,112
119412,118722,2,126
119412,679101,2,140
119413,119402,2,16
119413,119421,2,65
119413,119412,2,94
119413,679101,2,116
119413,116011,2,139
119413,116013,2,139
119413,116015,2,139
119421,119412,2,44
119421,119402,2,54
119421,119413,2,65
119421,679101,2,98
119421,118721,2,120
119421,118722,2,124
119511,119512,2,7
119511,119513,2,9
119512,119511,2,7
119512,119513,2,15
119513,119511,2,9
119513,119512,2,15
119621,119622,2,21
119622,119621,2,21
119921,119922,2,17
119922,119921,2,17
120001,120002,2,27
120001,120012,2,73
120002,120001,2,27
120002,120012,2,98
120012,120001,2,73
120012,120002,2,98
120012,121811,2,102
120111,120112,2,21
120112,120111,2,21
120311,120312,2,4
120311,126512,2,131
120311,120812,2,138
120312,120311,2,4
120312,126512,2,127
120312,120812,2,142
120412,427501,2,118
120412,427502,2,128
120511,120512,2,3
120512,120511,2,3
120811,120812,2,12
120812,120811,2,12
120812,120311,2,138
120812,120312,2,142
120911,120912,2,19
120912,120911,2,19
120912,447712,2,139
121011,121012,2,8
121012,121011,2,8
121111,121112,2,22
121112,121111,2,22
121311,121312,2,14
121312,121311,2,14
121511,121512,2,18
121511,121917,2,130
121511,121602,2,136
121511,121901,2,139
121512,121511,2,18
121601,121602,2,16
121602,121601,2,16
121602,121511,2,136
121801,121812,2,19
121801,121802,2,31
121801,121811,2,115
121802,121812,2,18
121802,121801,2,31
121802,121811,2,84
121811,121802,2,84
121811,121812,2,101
121811,120012,2,102
121811,121801,2,115
121812,121802,2,18
121812,121801,2,19
121812,121811,2,101
121901,121917,2,23
121901,121918,2,25
121901,121916,2,30
121901,121913,2,55
121901,121902,2,78
121901,121914,2,100
121901,121511,2,139
121902,121914,2,21
121902,121913,2,24
121902,121916,2,48
121902,121918,2,58
121902,121917,2,74
121902,121901,2,78
121913,121902,2,24
121913,121916,2,25
121913,121918,2,34
121913,121914,2,45
121913,121917,2,50
121913,121901,2,55
121914,121902,2,21
121914,121913,2,45
121914,121916,2,70
121914,121918,2,79
121914,121917,2,95
121914,121901,2,100
121916,121918,2,14
121916,121913,2,25
121916,121901,2,30
121916,121917,2,31
121916,121902,2,48
121916,121914,2,70
121917,121918,2,17
121917,121901,2,23
121917,121916,2,31
121917,121913,2,50
121917,121902,2,74
121917,121914,2,95
121917,121511,2,130
121918,121916,2,14
121918,121917,2,17
121918,121901,2,25
121918,121913,2,34
121918,121902,2,58
121918,121914,2,79
122311,122312,2,15
122312,122311,2,15
122411,122412,2,4
122411,674111,2,100
122412,122411,2,4
122412,674111,2,98
122521,122522,2,41
122522,122521,2,41
122601,122622,2,42
122601,122611,2,63
122601,122612,2,65
122601,122613,2,65
122601,122802,2,97
122611,122612,2,28
122611,122613,2,50
122611,122601,2,63
122611,122622,2,76
122611,122802,2,126
122612,122611,2,28
122612,122601,2,65
122612,122613,2,76
122612,122622,2,91
122612,122802,2,102
122612,122813,2,134
122613,122622,2,46
122613,122611,2,50
122613,122601,2,65
122613,122612,2,76
122622,122601,2,42
122622,122613,2,46
122622,122611,2,76
122622,122612,2,91
122622,122802,2,139
122711,122712,2,14
122712,122711,2,14
122801,122811,2,66
122801,122812,2,74
122801,122813,2,77
122801,122802,2,118
122802,122812,2,53
122802,122811,2,64
122802,122813,2,71
122802,122601,2,97
122802,122612,2,102
122802,122801,2,118
122802,122611,2,126
122802,122622,2,139
122811,122812,2,11
122811,122802,2,64
122811,122801,2,66
122811,122813,2,71
122812,122811,2,11
122812,122802,2,53
122812,122813,2,67
122812,122801,2,74
122813,122812,2,67
122813,122802,2,71
122813,122811,2,71
122813,122801,2,77
122813,122612,2,134
122901,122914,2,12
122901,122902,2,28
122901,122912,2,40
122901,122911,2,61
122902,122914,2,18
122902,122901,2,28
122902,122912,2,56
122902,122911,2,66
122911,122912,2,26
122911,122901,2,61
122911,122902,2,66
122911,122914,2,67
122911,133711,2,112
122911,133712,2,127
122912,122911,2,26
122912,122901,2,40
122912,122914,2,50
122912,122902,2,56
122912,133711,2,139
122914,122901,2,12
122914,122902,2,18
122914,122912,2,50
122914,122911,2,67
123011,123012,2,3
123012,123011,2,3
123111,123112,2,4
123111,124212,2,134
123112,123111,2,4
123112,124212,2,135
123211,123212,2,23
123211,614412,2,110
123211,124611,2,116
123211,614411,2,118
123212,123211,2,23
123212,614412,2,89
123212,614411,2,96
123212,124611,2,140
123321,123322,2,38
123321,82912,2,99
123321,82911,2,109
123322,123321,2,38
123322,82912,2,137
123611,123612,2,78
123612,123611,2,78
123811,123812,2,6
123812,123811,2,6
123812,614511,2,139
124011,124012,2,14
124012,124011,2,14
124111,124112,2,26
124112,124111,2,26
124211,124212,2,24
124212,124211,2,24
124212,123111,2,134
124212,123112,2,135
124311,124612,2,109
124511,124512,2,3
124512,124511,2,3
124611,124612,2,47
124611,123211,2,116
124611,123212,2,140
124612,124611,2,47
124612,124311,2,109
124712,124912,2,127
124811,124812,2,15
124811,114812,2,94
124811,114811,2,98
124811,111712,2,116
124811,111711,2,117
124812,124811,2,15
124812,114812,2,109
124812,114811,2,113
124812,111712,2,128
124812,111711,2,129
124812,131311,2,135
124812,131312,2,136
124912,124712,2,127
125201,125202,2,20
125201,125212,2,88
125202,125201,2,20
125202,125212,2,86
125212,125202,2,86
125212,125201,2,88
125311,125312,2,16
125312,125311,2,16
125511,125512,2,13
125511,126111,2,56
125511,126101,2,68
125511,126102,2,82
125511,126103,2,82
125511,126113,2,102
125511,126112,2,132
125512,125511,2,13
125512,126111,2,54
125512,126101,2,66
125512,126102,2,83
125512,126103,2,83
125512,126113,2,90
125512,126112,2,135
125601,125602,2,31
125601,125612,2,37
125601,695712,2,126
125602,125612,2,9
125602,125601,2,31
125602,695712,2,108
125612,125602,2,9
125612,125601,2,37
125612,695712,2,112
126021,126022,2,38
126022,126021,2,38
126022,82911,2,125
126022,82912,2,139
126101,126111,2,12
126101,126102,2,21
126101,126103,2,21
126101,125512,2,66
126101,125511,2,68
126101,126113,2,74
126101,126112,2,75
126102,126103,2,0
126102,126101,2,21
126102,126111,2,30
126102,126112,2,54
126102,125511,2,82
126102,125512,2,83
126102,126113,2,92
126103,126102,2,0
126103,126101,2,21
126103,126111,2,30
126103,126112,2,54
126103,125511,2,82
126103,125512,2,83
126103,126113,2,92
126111,126101,2,12
126111,126102,2,30
126111,126103,2,30
126111,125512,2,54
126111,125511,2,56
126111,126113,2,75
126111,126112,2,84
126112,126102,2,54
126112,126103,2,54
126112,126101,2,75
126112,126111,2,84
126112,125511,2,132
126112,125512,2,135
126112,126113,2,138
126113,126101,2,74
126113,126111,2,75
126113,125512,2,90
126113,126102,2,92
126113,126103,2,92
126113,125511,2,102
126113,126112,2,138
126321,126322,2,31
126322,126321,2,31
126412,126912,2,133
126511,126512,2,68
126511,154012,2,119
126512,126511,2,68
126512,614212,2,104
126512,120312,2,127
126512,120311,2,131
126711,126712,2,12
126711,126714,2,73
126711,126721,2,92
126711,126713,2,93
126711,126722,2,100
126712,126711,2,12
126712,126714,2,72
126712,126713,2,82
126712,126721,2,83
126712,126722,2,88
126713,126722,2,6
126713,126721,2,23
126713,126714,2,74
126713,126712,2,82
126713,126711,2,93
126714,126721,2,55
126714,126712,2,72
126714,126711,2,73
126714,126713,2,74
126714,126722,2,80
126721,126713,2,23
126721,126722,2,27
126721,126714,2,55
126721,126712,2,83
126721,126711,2,92
126722,126713,2,6
126722,126721,2,27
126722,126714,2,80
126722,126712,2,88
126722,126711,2,100
126912,126412,2,133
127011,127012,2,35
127011,127802,2,116
127011,127811,2,121
127011,127812,2,125
127011,127801,2,128
127012,127011,2,35
127012,127802,2,88
127012,127812,2,92
127012,127811,2,94
127012,127801,2,96
127211,127212,2,18
127211,127512,2,129
127212,127211,2,18
127212,127512,2,110
127321,127322,2,85
127322,127321,2,85
127401,127402,2,47
127401,127412,2,73
127402,127401,2,47
127402,127412,2,119
127412,127401,2,73
127412,127402,2,119
127511,127512,2,44
127512,127511,2,44
127512,127212,2,110
127512,127211,2,129
127611,127612,2,8
127611,127622,2,31
127611,127621,2,49
127612,127611,2,8
127612,127622,2,37
127612,127621,2,57
127621,127622,2,25
127621,127611,2,49
127621,127612,2,57
127622,127621,2,25
127622,127611,2,31
127622,127612,2,37
127711,127712,2,11
127712,127711,2,11
127801,127812,2,8
127801,127802,2,21
127801,127811,2,29
127801,127012,2,96
127801,127011,2,128
127802,127811,2,10
127802,127801,2,21
127802,127812,2,26
127802,127012,2,88
127802,127011,2,116
127811,127802,2,10
127811,127801,2,29
127811,127812,2,36
127811,127012,2,94
127811,127011,2,121
127812,127801,2,8
127812,127802,2,26
127812,127811,2,36
127812,127012,2,92
127812,127011,2,125
128011,128012,2,55
128012,128011,2,55
128211,128212,2,49
128212,128211,2,49
128311,128312,2,33
128312,128311,2,33
128411,128412,2,13
128411,128413,2,58
128412,128411,2,13
128412,128413,2,47
128413,128412,2,47
128413,128411,2,58
128511,128512,2,27
128512,128511,2,27
128611,110211,2,101
128711,128715,2,41
128711,128713,2,68
128711,128712,2,75
128711,128714,2,79
128711,109311,2,125
128712,128714,2,12
128712,128713,2,14
128712,128715,2,45
128712,128711,2,75
128712,130712,2,106
128713,128714,2,10
128713,128712,2,14
128713,128715,2,32
128713,128711,2,68
128713,130712,2,120
128714,128713,2,10
128714,128712,2,12
128714,128715,2,42
128714,128711,2,79
128714,130712,2,118
128715,128713,2,32
128715,128711,2,41
128715,128714,2,42
128715,128712,2,45
128715,130712,2,139
129011,129012,2,47
129012,129011,2,47
129111,129112,2,7
129112,129111,2,7
129211,129212,2,65
129211,129412,2,133
129212,129211,2,65
129212,129412,2,113
129411,129412,2,54
129412,129411,2,54
129412,129212,2,113
129412,129211,2,133
129511,129512,2,12
129512,129511,2,12
129611,129612,2,10
129611,130111,2,106
129611,130112,2,109
129612,129611,2,10
129612,130111,2,116
129612,130112,2,119
129811,129812,2,19
129812,129811,2,19
129911,129912,2,54
129912,129911,2,54
130011,130012,2,17
130012,130011,2,17
130111,130112,2,5
130111,129611,2,106
130111,129612,2,116
130112,130111,2,5
130112,129611,2,109
130112,129612,2,119
130201,130212,2,14
130201,130211,2,22
130201,130202,2,40
130202,130211,2,24
130202,130212,2,34
130202,130201,2,40
130211,130201,2,22
130211,130202,2,24
130211,130212,2,25
130212,130201,2,14
130212,130211,2,25
130212,130202,2,34
130401,130402,2,40
130402,130401,2,40
130712,131312,2,72
130712,131311,2,73
130712,131511,2,94
130712,131512,2,103
130712,128712,2,106
130712,131514,2,107
130712,128714,2,118
130712,128713,2,120
130712,103311,2,134
130712,128715,2,139
130911,130912,2,52
130912,130911,2,52
131011,131012,2,16
131012,131011,2,16
131111,131112,2,60
131112,131111,2,60
131211,131213,2,5
131211,131212,2,6
131212,131213,2,4
131212,131211,2,6
131213,131212,2,4
131213,131211,2,5
131311,131312,2,0
131311,130712,2,73
131311,131511,2,79
131311,131512,2,89
131311,131514,2,97
131311,103311,2,112
131311,124812,2,135
131312,131311,2,0
131312,130712,2,72
131312,131511,2,79
131312,131512,2,88
131312,131514,2,97
131312,103311,2,112
131312,124812,2,136
131411,131412,2,44
131411,132612,2,123
131411,132611,2,134
131412,131411,2,44
131511,131512,2,10
131511,131514,2,18
131511,131312,2,79
131511,131311,2,79
131511,130712,2,94
131512,131514,2,8
131512,131511,2,10
131512,131312,2,88
131512,131311,2,89
131512,130712,2,103
131514,131512,2,8
131514,131511,2,18
131514,131312,2,97
131514,131311,2,97
131514,130712,2,107
131611,131612,2,26
131612,131611,2,26
131711,131712,2,15
131711,132511,2,128
131711,132512,2,133
131712,131711,2,15
131712,132511,2,119
131712,132512,2,125
131811,131812,2,7
131812,131811,2,7
131911,131912,2,47
131912,131911,2,47
132011,132012,2,6
132012,132011,2,6
132111,132112,2,19
132112,132111,2,19
132211,132212,2,60
132212,132211,2,60
132311,132312,2,0
132312,132311,2,0
132411,132412,2,23
132412,132411,2,23
132511,132512,2,5
132511,131712,2,119
132511,131711,2,128
132512,132511,2,5
132512,131712,2,125
132512,131711,2,133
132611,132612,2,11
132611,131411,2,134
132612,132611,2,11
132612,131411,2,123
132711,132712,2,16
132712,132711,2,16
132811,132812,2,50
132811,110711,2,132
132811,110712,2,135
132812,132811,2,50
132812,110711,2,96
132812,110712,2,99
132911,132912,2,8
132912,132911,2,8
133001,133002,2,7
133001,115212,2,103
133002,133001,2,7
133002,115212,2,102
133101,133102,2,45
133102,133101,2,45
133211,133212,2,6
133211,112911,2,125
133211,112812,2,136
133211,112811,2,141
133211,113412,2,142
133212,133211,2,6
133212,112911,2,122
133212,112812,2,142
133301,133302,2,43
133302,133301,2,43
133411,133412,2,13
133412,133411,2,13
133611,133612,2,2
133612,133611,2,2
133711,133712,2,16
133711,122911,2,112
133711,122912,2,139
133712,133711,2,16
133712,122911,2,127
133812,116821,2,66
133812,115912,2,125
133812,115911,2,125
133812,116822,2,131
134011,109411,2,114
134011,110211,2,125
134412,134512,2,95
134512,134412,2,95
136411,136412,2,7
136412,136411,2,7
144411,144412,2,3
144411,144413,2,7
144411,587311,2,67
144412,144411,2,3
144412,144413,2,4
144412,587311,2,67
144413,144412,2,4
144413,144411,2,7
144413,587311,2,69
145411,145412,2,7
145412,145411,2,7
145511,145512,2,10
145511,118612,2,119
145511,118611,2,127
145512,145511,2,10
145512,118612,2,129
145512,118611,2,137
145721,145722,2,27
145722,145721,2,27
154012,126511,2,119
156311,707812,2,121
158101,158102,2,42
158102,158101,2,42
158501,158502,2,44
158502,158501,2,44
169301,169302,2,42
169302,169301,2,42
188201,188202,2,28
188202,188201,2,28
189001,189002,2,22
189002,189001,2,22
198111,198112,2,44
198112,198111,2,44
202311,683811,2,115
202411,202412,2,43
202411,206112,2,90
202411,206111,2,92
202412,202411,2,43
202412,206112,2,104
202412,206111,2,112
202611,202612,2,12
202611,218511,2,122
202611,218512,2,129
202612,202611,2,12
202612,218511,2,110
202612,218512,2,118
202711,202712,2,13
202712,202711,2,13
202811,202812,2,46
202812,202811,2,46
202921,202922,2,31
202921,202941,2,43
202921,207921,2,110
202921,207922,2,133
202922,202941,2,18
202922,202921,2,31
202922,207921,2,142
202941,202922,2,18
202941,202921,2,43
203044,203242,2,110
203044,210212,2,137
203044,210211,2,140
203101,203111,2,8
203101,203102,2,42
203101,203112,2,51
203101,218812,2,133
203102,203111,2,39
203102,203101,2,42
203102,203112,2,58
203111,203101,2,8
203111,203102,2,39
203111,203112,2,43
203111,218812,2,130
203112,203111,2,43
203112,203101,2,51
203112,203102,2,58
203112,218812,2,116
203242,203044,2,110
203311,203312,2,38
203312,203311,2,38
203501,203511,2,14
203501,203502,2,27
203501,203512,2,70
203502,203511,2,20
203502,203501,2,27
203502,203512,2,43
203511,203501,2,14
203511,203502,2,20
203511,203512,2,62
203512,203502,2,43
203512,203511,2,62
203512,203501,2,70
203701,203711,2,5
203701,203712,2,30
203701,203702,2,36
203701,206512,2,105
203701,206511,2,123
203702,203712,2,8
203702,203711,2,34
203702,203701,2,36
203702,206512,2,89
203702,206511,2,100
203711,203701,2,5
203711,203712,2,30
203711,203702,2,34
203711,206512,2,108
203711,206511,2,125
203712,203702,2,8
203712,203711,2,30
203712,203701,2,30
203712,206512,2,85
203712,206511,2,98
203911,203912,2,9
203912,203911,2,9
204001,204002,2,22
204001,204035,2,111
204002,204001,2,22
204002,204035,2,126
204035,206011,2,75
204035,204001,2,111
204035,204002,2,126
204121,204122,2,57
204122,204121,2,57
204211,204212,2,35
204211,204221,2,42
204212,204211,2,35
204212,204221,2,51
204221,204211,2,42
204221,204212,2,51
204311,204312,2,44
204311,204412,2,121
204311,204411,2,134
204312,204311,2,44
204411,204412,2,13
204411,204414,2,31
204411,204413,2,52
204411,204416,2,57
204411,204311,2,134
204412,204411,2,13
204412,204414,2,41
204412,204413,2,61
204412,204416,2,69
204412,204311,2,121
204413,204414,2,21
204413,204411,2,52
204413,204412,2,61
204413,204416,2,64
204414,204413,2,21
204414,204411,2,31
204414,204412,2,41
204414,204416,2,53
204416,204414,2,53
204416,204411,2,57
204416,204413,2,64
204416,204412,2,69
204511,204512,2,30
204512,204511,2,30
204612,204711,2,110
204711,204712,2,54
204711,204612,2,110
204712,204711,2,54
204712,211811,2,134
204811,204812,2,45
204812,204811,2,45
204911,204912,2,6
204912,204911,2,6
205011,205012,2,43
205012,205011,2,43
205111,205112,2,5
205111,205113,2,55
205111,205114,2,78
205112,205111,2,5
205112,205113,2,56
205112,205114,2,79
205113,205114,2,23
205113,205111,2,55
205113,205112,2,56
205114,205113,2,23
205114,205111,2,78
205114,205112,2,79
205211,205212,2,15
205212,205211,2,15
205301,205311,2,16
205301,205312,2,29
205301,205302,2,41
205301,206212,2,119
205301,206211,2,120
205302,205312,2,14
205302,205311,2,34
205302,205301,2,41
205302,206212,2,134
205302,206211,2,138
205311,205301,2,16
205311,205312,2,27
205311,205302,2,34
205311,206212,2,135
205311,206211,2,136
205312,205302,2,14
205312,205311,2,27
205312,205301,2,29
205312,206212,2,122
205312,206211,2,125
206001,221914,2,59
206001,206002,2,62
206001,221911,2,107
206001,206012,2,140
206002,206001,2,62
206002,206012,2,95
206002,206016,2,113
206002,221914,2,120
206011,204035,2,75
206011,206016,2,90
206011,206012,2,91
206012,206016,2,18
206012,206011,2,91
206012,206002,2,95
206012,206001,2,140
206016,206012,2,18
206016,206011,2,90
206016,206002,2,113
206111,206112,2,17
206111,202411,2,92
206111,202412,2,112
206112,206111,2,17
206112,202411,2,90
206112,202412,2,104
206211,206212,2,9
206211,205301,2,120
206211,205312,2,125
206211,205311,2,136
206211,205302,2,138
206212,206211,2,9
206212,205301,2,119
206212,205312,2,122
206212,205302,2,134
206212,205311,2,135
206311,206312,2,6
206312,206311,2,6
206511,206512,2,25
206511,203712,2,98
206511,203702,2,100
206511,203701,2,123
206511,203711,2,125
206512,206511,2,25
206512,203712,2,85
206512,203702,2,89
206512,203701,2,105
206512,203711,2,108
206601,206611,2,14
206601,206614,2,16
206601,206613,2,16
206601,206612,2,16
206601,206635,2,55
206601,206602,2,68
206602,206614,2,60
206602,206613,2,60
206602,206612,2,60
206602,206611,2,60
206602,206635,2,67
206602,206601,2,68
206602,208621,2,128
206611,206614,2,1
206611,206613,2,1
206611,206612,2,1
206611,206601,2,14
206611,206602,2,60
206611,206635,2,63
206612,206614,2,0
206612,206613,2,0
206612,206611,2,1
206612,206601,2,16
206612,206602,2,60
206612,206635,2,64
206613,206614,2,0
206613,206612,2,0
206613,206611,2,1
206613,206601,2,16
206613,206602,2,60
206613,206635,2,64
206614,206613,2,0
206614,206612,2,0
206614,206611,2,1
206614,206601,2,16
206614,206602,2,60
206614,206635,2,64
206635,206601,2,55
206635,206611,2,63
206635,206614,2,64
206635,206613,2,64
206635,206612,2,64
206635,206602,2,67
206711,206712,2,29
206711,210102,2,123
206711,210101,2,130
206711,211301,2,131
206712,206711,2,29
206712,210102,2,111
206712,211301,2,119
206712,210101,2,123
206712,211302,2,142
206801,206812,2,18
206801,206802,2,41
206801,206811,2,45
206802,206812,2,23
206802,206801,2,41
206802,206811,2,87
206811,206801,2,45
206811,206812,2,63
206811,206802,2,87
206812,206801,2,18
206812,206802,2,23
206812,206811,2,63
206911,206912,2,91
206912,206914,2,73
206912,206911,2,91
206914,206912,2,73
206914,213011,2,138
207201,207212,2,18
207201,207211,2,22
207211,207201,2,22
207211,207212,2,26
207212,207201,2,18
207212,207211,2,26
207311,207312,2,8
207312,207311,2,8
207401,207402,2,46
207402,207401,2,46
207511,207512,2,73
207512,207511,2,73
207611,207612,2,122
207612,207611,2,122
207711,207712,2,4
207711,209322,2,65
207711,209321,2,99
207711,209314,2,134
207712,207711,2,4
207712,209322,2,70
207712,209321,2,104
207712,209314,2,138
207811,207812,2,28
207811,210401,2,115
207811,752011,2,126
207811,210402,2,132
207812,207811,2,28
207812,210401,2,122
207812,210402,2,133
207921,207922,2,23
207921,202921,2,110
207921,202922,2,142
207922,207921,2,23
207922,202921,2,133
208001,208002,2,0
208001,208012,2,37
208001,208011,2,37
208001,208013,2,57
208002,208001,2,0
208002,208012,2,37
208002,208011,2,37
208002,208013,2,57
208011,208012,2,0
208011,208002,2,37
208011,208001,2,37
208011,208013,2,70
208012,208011,2,0
208012,208002,2,37
208012,208001,2,37
208012,208013,2,70
208013,208002,2,57
208013,208001,2,57
208013,208012,2,70
208013,208011,2,70
208121,208122,2,41
208122,208121,2,41
208301,208302,2,36
208302,208301,2,36
208401,208402,2,43
208401,221913,2,71
208401,221912,2,116
208402,221913,2,32
208402,208401,2,43
208402,221912,2,73
208402,221911,2,121
208512,209612,2,61
208512,209611,2,61
208602,208612,2,34
208602,208621,2,47
208602,208901,2,125
208602,209321,2,141
208612,208602,2,34
208612,208621,2,82
208612,209321,2,107
208612,209322,2,141
208621,208602,2,47
208621,208612,2,82
208621,208901,2,99
208621,206602,2,128
208901,208902,2,47
208901,208621,2,99
208901,208602,2,125
208901,209711,2,132
208902,208901,2,47
208902,209711,2,88
208902,209712,2,115
208902,385911,2,135
209002,209014,2,27
209002,209015,2,28
209002,209021,2,29
209002,209013,2,42
209002,209011,2,47
209002,209012,2,50
209011,209012,2,7
209011,209021,2,29
209011,209002,2,47
209011,209014,2,53
209011,209015,2,76
209011,209013,2,80
209012,209011,2,7
209012,209021,2,28
209012,209002,2,50
209012,209014,2,52
209012,209015,2,78
209012,209013,2,80
209013,209014,2,28
209013,209015,2,33
209013,209002,2,42
209013,209021,2,52
209013,209012,2,80
209013,209011,2,80
209014,209021,2,24
209014,209002,2,27
209014,209013,2,28
209014,209015,2,40
209014,209012,2,52
209014,209011,2,53
209015,209002,2,28
209015,209013,2,33
209015,209014,2,40
209015,209021,2,55
209015,209011,2,76
209015,209012,2,78
209021,209014,2,24
209021,209012,2,28
209021,209002,2,29
209021,209011,2,29
209021,209013,2,52
209021,209015,2,55
209211,267011,2,89
209211,267012,2,89
209314,209322,2,105
209314,209321,2,105
209314,207711,2,134
209314,207712,2,138
209321,209322,2,34
209321,207711,2,99
209321,207712,2,104
209321,209314,2,105
209321,208612,2,107
209321,208602,2,141
209322,209321,2,34
209322,207711,2,65
209322,207712,2,70
209322,209314,2,105
209322,208612,2,141
209411,209412,2,7
209411,216501,2,141
209412,209411,2,7
209412,216501,2,142
209511,209512,2,37
209512,209511,2,37
209601,209602,2,0
209601,209612,2,137
209601,209611,2,137
209602,209601,2,0
209602,209612,2,137
209602,209611,2,137
209611,209612,2,0
209611,208512,2,61
209611,209601,2,137
209611,209602,2,137
209612,209611,2,0
209612,208512,2,61
209612,209601,2,137
209612,209602,2,137
209711,209712,2,27
209711,208902,2,88
209711,208901,2,132
209712,209711,2,27
209712,208902,2,115
209811,209812,2,9
209812,209811,2,9
210001,210011,2,34
210001,210002,2,43
210001,210012,2,44
210001,210014,2,56
210001,210013,2,112
210002,210001,2,43
210002,210012,2,72
210002,210011,2,75
210002,210014,2,99
210011,210012,2,25
210011,210001,2,34
210011,210014,2,41
210011,210002,2,75
210011,210013,2,83
210012,210011,2,25
210012,210001,2,44
210012,210014,2,66
210012,210002,2,72
210012,210013,2,101
210013,210014,2,60
210013,210011,2,83
210013,210012,2,101
210013,210001,2,112
210014,210011,2,41
210014,210001,2,56
210014,210013,2,60
210014,210012,2,66
210014,210002,2,99
210101,210102,2,23
210101,206712,2,123
210101,206711,2,130
210102,210101,2,23
210102,206712,2,111
210102,206711,2,123
210211,210212,2,11
210211,210223,2,67
210211,203044,2,140
210212,210211,2,11
210212,210223,2,79
210212,203044,2,137
210223,210211,2,67
210223,210212,2,79
210401,210402,2,35
210401,207811,2,115
210401,207812,2,122
210402,210401,2,35
210402,207811,2,132
210402,207812,2,133
210511,210512,2,40
210512,210511,2,40
210801,210811,2,4
210801,210802,2,26
210801,210812,2,32
210802,210812,2,8
210802,210801,2,26
210802,210811,2,26
210811,210801,2,4
210811,210802,2,26
210811,210812,2,33
210812,210802,2,8
210812,210801,2,32
210812,210811,2,33
210911,210913,2,28
210911,210912,2,92
210912,210911,2,92
210912,210913,2,120
210913,210911,2,28
210913,210912,2,120
211012,211014,2,0
211014,211012,2,0
211101,211102,2,26
211101,211112,2,54
211101,211111,2,95
211102,211101,2,26
211102,211112,2,28
211102,211111,2,68
211111,211112,2,42
211111,211102,2,68
211111,211101,2,95
211112,211102,2,28
211112,211111,2,42
211112,211101,2,54
211221,211222,2,83
211222,211221,2,83
211301,211302,2,23
211301,211401,2,69
211301,206712,2,119
211301,206711,2,131
211301,752212,2,141
211302,211301,2,23
211302,211401,2,57
211302,752212,2,118
211302,206712,2,142
211401,211302,2,57
211401,211301,2,69
211401,752212,2,99
211511,211512,2,44
211511,680512,2,118
211511,680511,2,119
211512,211511,2,44
211512,680512,2,113
211512,680511,2,116
211711,211712,2,9
211712,211711,2,9
211811,211812,2,20
211811,204712,2,134
211812,211811,2,20
211911,211912,2,27
211912,211911,2,27
212111,212112,2,12
212112,212111,2,12
212211,212212,2,32
212212,212211,2,32
212311,212312,2,13
212312,212311,2,13
212411,212412,2,24
212412,212411,2,24
212521,212522,2,44
212521,213511,2,70
212521,213512,2,70
212522,212521,2,44
212522,213511,2,114
212522,213512,2,114
212611,212612,2,19
212612,212611,2,19
212711,212712,2,25
212712,212711,2,25
212911,212912,2,19
212911,212914,2,107
212912,212911,2,19
212912,212914,2,113
212914,212911,2,107
212914,212912,2,113
213011,213012,2,28
213011,206914,2,138
213012,213011,2,28
213201,213202,2,38
213201,213211,2,48
213201,213212,2,110
213202,213211,2,10
213202,213201,2,38
213202,213212,2,71
213211,213202,2,10
213211,213201,2,48
213211,213212,2,61
213212,213211,2,61
213212,213202,2,71
213212,213201,2,110
213301,213312,2,18
213301,213311,2,24
213301,213302,2,31
213302,213311,2,11
213302,213312,2,14
213302,213301,2,31
213311,213302,2,11
213311,213312,2,14
213311,213301,2,24
213312,213311,2,14
213312,213302,2,14
213312,213301,2,18
213401,213411,2,3
213401,213412,2,43
213401,213402,2,44
213402,213412,2,3
213402,213411,2,43
213402,213401,2,44
213411,213401,2,3
213411,213412,2,43
213411,213402,2,43
213412,213402,2,3
213412,213411,2,43
213412,213401,2,43
213511,213512,2,0
213511,212521,2,70
213511,212522,2,114
213511,213902,2,130
213511,213913,2,133
213512,213511,2,0
213512,212521,2,70
213512,212522,2,114
213512,213902,2,130
213512,213913,2,133
213711,213712,2,24
213712,213711,2,24
213901,213912,2,27
213901,213914,2,31
213901,213913,2,33
213901,213902,2,34
213901,213911,2,36
213902,213913,2,14
213902,213901,2,34
213902,213911,2,56
213902,213912,2,60
213902,213914,2,64
213902,213511,2,130
213902,213512,2,130
213911,213912,2,25
213911,213901,2,36
213911,213913,2,46
213911,213914,2,50
213911,213902,2,56
213912,213911,2,25
213912,213914,2,26
213912,213901,2,27
213912,213913,2,55
213912,213902,2,60
213913,213902,2,14
213913,213901,2,33
213913,213911,2,46
213913,213912,2,55
213913,213914,2,65
213913,213511,2,133
213913,213512,2,133
213914,213912,2,26
213914,213901,2,31
213914,213911,2,50
213914,213902,2,64
213914,213913,2,65
214101,214112,2,19
214101,214102,2,45
214101,214111,2,46
214102,214111,2,5
214102,214112,2,26
214102,214101,2,45
214111,214102,2,5
214111,214112,2,28
214111,214101,2,46
214112,214101,2,19
214112,214102,2,26
214112,214111,2,28
214201,214202,2,4
214202,214201,2,4
214411,214414,2,37
214411,214413,2,60
214411,214412,2,74
214412,214411,2,74
214412,214414,2,108
214412,214413,2,123
214413,214411,2,60
214413,214414,2,64
214413,214412,2,123
214414,214411,2,37
214414,214413,2,64
214414,214412,2,108
214511,214512,2,70
214512,214511,2,70
214611,214612,2,103
214612,214611,2,103
214711,214712,2,5
214711,216312,2,112
214712,214711,2,5
214712,216312,2,114
214911,214912,2,45
214912,214911,2,45
215011,215012,2,5
215012,215011,2,5
215111,215112,2,4
215112,215111,2,4
215211,215212,2,8
215212,215211,2,8
215311,215313,2,55
215311,215312,2,91
215311,664712,2,125
215312,215311,2,91
215312,215313,2,98
215313,215311,2,55
215313,664712,2,93
215313,215312,2,98
215313,664711,2,132
215413,215422,2,35
215413,215421,2,63
215421,215422,2,29
215421,215413,2,63
215422,215421,2,29
215422,215413,2,35
215511,215512,2,56
215511,216631,2,142
215512,215511,2,56
215721,215722,2,21
215722,215721,2,21
216111,216112,2,46
216112,216111,2,46
216211,216212,2,3
216212,216211,2,3
216312,214711,2,112
216312,214712,2,114
216501,216502,2,42
216501,209411,2,141
216501,209412,2,142
216502,216501,2,42
216601,216602,2,56
216601,216631,2,76
216602,216631,2,27
216602,216601,2,56
216631,216602,2,27
216631,216601,2,76
216631,215511,2,142
216811,216812,2,30
216812,216811,2,30
216911,216912,2,10
216912,216911,2,10
217011,217012,2,8
217012,217011,2,8
217111,217112,2,33
217112,217111,2,33
217211,217212,2,6
217212,217211,2,6
217311,217312,2,20
217312,217311,2,20
217411,217412,2,37
217412,217411,2,37
217601,217602,2,9
217602,217601,2,9
217711,217712,2,5
217712,217711,2,5
217911,217912,2,6
217911,217916,2,28
217911,217913,2,53
217911,217914,2,96
217912,217911,2,6
217912,217916,2,28
217912,217913,2,49
217912,217914,2,90
217913,217912,2,49
217913,217911,2,53
217913,217916,2,77
217913,217914,2,107
217914,217916,2,80
217914,217912,2,90
217914,217911,2,96
217914,217913,2,107
217916,217912,2,28
217916,217911,2,28
217916,217913,2,77
217916,217914,2,80
218101,218103,2,0
218101,218111,2,37
218101,218112,2,37
218101,218113,2,37
218103,218101,2,0
218103,218111,2,37
218103,218112,2,37
218103,218113,2,37
218111,218112,2,0
218111,218113,2,0
218111,218103,2,37
218111,218101,2,37
218112,218111,2,0
218112,218113,2,0
218112,218103,2,37
218112,218101,2,37
218113,218111,2,0
218113,218112,2,0
218113,218103,2,37
218113,218101,2,37
218211,218212,2,18
218212,218211,2,18
218511,218512,2,11
218511,202612,2,110
218511,202611,2,122
218512,218511,2,11
218512,202612,2,118
218512,202611,2,129
218611,218612,2,5
218612,218611,2,5
218711,218712,2,7
218711,615812,2,109
218711,615811,2,109
218712,218711,2,7
218712,615812,2,113
218712,615811,2,113
218812,203112,2,116
218812,203111,2,130
218812,203101,2,133
218911,218912,2,28
218911,680611,2,90
218912,218911,2,28
218912,680611,2,107
219101,219102,2,26
219102,219101,2,26
219201,219202,2,20
219201,219211,2,46
219201,219212,2,51
219202,219201,2,20
219202,219211,2,26
219202,219212,2,46
219211,219202,2,26
219211,219201,2,46
219211,219212,2,46
219212,219202,2,46
219212,219211,2,46
219212,219201,2,51
219701,219711,2,27
219701,460611,2,126
219711,219701,2,27
220111,220112,2,23
220111,664912,2,127
220112,220111,2,23
220112,664912,2,137
220301,220302,2,18
220301,220312,2,23
220301,220311,2,24
220301,220313,2,69
220301,223011,2,129
220302,220312,2,16
220302,220301,2,18
220302,220311,2,21
220302,220313,2,87
220302,223011,2,110
220311,220312,2,6
220311,220302,2,21
220311,220301,2,24
220311,220313,2,89
220311,223011,2,116
220312,220311,2,6
220312,220302,2,16
220312,220301,2,23
220312,220313,2,92
220312,223011,2,111
220313,220301,2,69
220313,220302,2,87
220313,220311,2,89
220313,220312,2,92
220611,220612,2,10
220612,220611,2,10
221811,221812,2,20
221812,221811,2,20
221911,221912,2,59
221911,221914,2,61
221911,221913,2,94
221911,206001,2,107
221911,208402,2,121
221912,221913,2,57
221912,221911,2,59
221912,208402,2,73
221912,221914,2,99
221912,208401,2,116
221913,208402,2,32
221913,221912,2,57
221913,208401,2,71
221913,221911,2,94
221914,206001,2,59
221914,221911,2,61
221914,221912,2,99
221914,206002,2,120
223011,223012,2,71
223011,220302,2,110
223011,220312,2,111
223011,220311,2,116
223011,220301,2,129
223012,223011,2,71
225511,225512,2,3
225512,225511,2,3
225801,225811,2,15
225801,225812,2,32
225801,225802,2,40
225802,225812,2,14
225802,225801,2,40
225802,225811,2,44
225802,251312,2,129
225802,251311,2,130
225811,225801,2,15
225811,225812,2,32
225811,225802,2,44
225812,225802,2,14
225812,225801,2,32
225812,225811,2,32
225812,251312,2,135
225812,251311,2,136
231102,231121,2,18
231102,231114,2,36
231102,231113,2,41
231113,231114,2,16
231113,231121,2,23
231113,231102,2,41
231114,231113,2,16
231114,231121,2,18
231114,231102,2,36
231121,231102,2,18
231121,231114,2,18
231121,231113,2,23
231221,231222,2,62
231221,232514,2,123
231221,232521,2,139
231222,231221,2,62
231222,232514,2,127
231222,232521,2,142
231311,231312,2,4
231312,231311,2,4
231411,231412,2,30
231412,231411,2,30
231501,231512,2,45
231501,231513,2,45
231501,231511,2,45
231511,231512,2,0
231511,231513,2,0
231511,231501,2,45
231512,231513,2,0
231512,231511,2,0
231512,231501,2,45
231513,231512,2,0
231513,231511,2,0
231513,231501,2,45
231601,231602,2,16
231601,231611,2,19
231601,231612,2,28
231602,231611,2,7
231602,231601,2,16
231602,231612,2,43
231611,231602,2,7
231611,231601,2,19
231611,231612,2,42
231612,231601,2,28
231612,231611,2,42
231612,231602,2,43
231701,231711,2,16
231701,231702,2,21
231701,231712,2,38
231702,231701,2,21
231702,231711,2,35
231702,231712,2,53
231711,231701,2,16
231711,231702,2,35
231711,231712,2,44
231712,231701,2,38
231712,231711,2,44
231712,231702,2,53
231811,231812,2,23
231812,231811,2,23
231921,231922,2,14
231922,231921,2,14
232001,232011,2,14
232001,232002,2,25
232001,232012,2,41
232002,232012,2,15
232002,232011,2,20
232002,232001,2,25
232011,232001,2,14
232011,232002,2,20
232011,232012,2,34
232012,232002,2,15
232012,232011,2,34
232012,232001,2,41
232101,232111,2,34
232101,232102,2,35
232102,232101,2,35
232102,232111,2,70
232111,232101,2,34
232111,232102,2,70
232212,815311,2,64
232311,232312,2,3
232312,232311,2,3
232401,232411,2,11
232401,232412,2,16
232401,232402,2,20
232402,232411,2,14
232402,232412,2,15
232402,232401,2,20
232411,232412,2,5
232411,232401,2,11
232411,232402,2,14
232412,232411,2,5
232412,232402,2,15
232412,232401,2,16
232502,232521,2,21
232502,232514,2,34
232514,232521,2,16
232514,232502,2,34
232514,231221,2,123
232514,231222,2,127
232521,232514,2,16
232521,232502,2,21
232521,231221,2,139
232521,231222,2,142
232711,232712,2,9
232712,232711,2,9
233411,233413,2,25
233411,233412,2,46
233411,237711,2,85
233412,233413,2,34
233412,233411,2,46
233412,237711,2,132
233413,233411,2,25
233413,233412,2,34
233413,237711,2,105
233511,233512,2,5
233512,233511,2,5
233611,283312,2,83
233711,233712,2,4
233712,233711,2,4
233811,233812,2,3
233811,234812,2,125
233812,233811,2,3
233812,234812,2,126
233911,233912,2,6
233911,235114,2,121
233911,234411,2,134
233911,234412,2,142
233912,233911,2,6
233912,235114,2,117
233912,234411,2,139
234211,234212,2,27
234212,234211,2,27
234311,234312,2,73
234312,234311,2,73
234411,234412,2,8
234411,233911,2,134
234411,233912,2,139
234412,234411,2,8
234412,233911,2,142
234511,234512,2,10
234511,234811,2,137
234512,234511,2,10
234811,234812,2,20
234811,234511,2,137
234812,234811,2,20
234812,233811,2,125
234812,233812,2,126
235111,235112,2,12
235111,235113,2,52
235111,235114,2,87
235112,235111,2,12
235112,235113,2,64
235112,235114,2,96
235113,235111,2,52
235113,235112,2,64
235113,235114,2,73
235114,235113,2,73
235114,235111,2,87
235114,235112,2,96
235114,233912,2,117
235114,233911,2,121
235211,235212,2,38
235212,235211,2,38
235311,235312,2,2
235312,235311,2,2
235511,235512,2,25
235512,235511,2,25
235611,235612,2,10
235611,676411,2,69
235611,676412,2,111
235612,235611,2,10
235612,676411,2,75
235612,676412,2,117
235711,235712,2,22
235711,235714,2,41
235711,235713,2,54
235712,235711,2,22
235712,235714,2,63
235712,235713,2,76
235713,235714,2,13
235713,235711,2,54
235713,235712,2,76
235714,235713,2,13
235714,235711,2,41
235714,235712,2,63
235801,235802,2,94
235802,235801,2,94
235901,235902,2,52
235901,243712,2,92
235901,235911,2,98
235901,243711,2,110
235901,235912,2,130
235902,235901,2,52
235902,235911,2,118
235902,243712,2,130
235902,243711,2,141
235911,235912,2,31
235911,243711,2,34
235911,243712,2,45
235911,235901,2,98
235911,235902,2,118
235912,235911,2,31
235912,243711,2,47
235912,243712,2,68
235912,235901,2,130
236011,236012,2,22
236011,302502,2,78
236011,302501,2,102
236011,302611,2,109
236012,236011,2,22
236012,302502,2,70
236012,302501,2,87
236012,302611,2,132
236111,236112,2,67
236112,236111,2,67
236201,236231,2,40
236201,236232,2,40
236201,236202,2,40
236201,236212,2,49
236201,236211,2,56
236202,236231,2,0
236202,236232,2,0
236202,236201,2,40
236202,236212,2,75
236202,236211,2,81
236211,236212,2,7
236211,236201,2,56
236211,236231,2,81
236211,236232,2,81
236211,236202,2,81
236212,236211,2,7
236212,236201,2,49
236212,236231,2,75
236212,236232,2,75
236212,236202,2,75
236231,236232,2,0
236231,236202,2,0
236231,236201,2,40
236231,236212,2,75
236231,236211,2,81
236232,236231,2,0
236232,236202,2,0
236232,236201,2,40
236232,236212,2,75
236232,236211,2,81
236311,236312,2,6
236312,236311,2,6
236411,236412,2,8
236412,236411,2,8
236501,236502,2,40
236501,236531,2,53
236501,236532,2,74
236502,236531,2,13
236502,236532,2,33
236502,236501,2,40
236531,236502,2,13
236531,236532,2,21
236531,236501,2,53
236532,236531,2,21
236532,236502,2,33
236532,236501,2,74
236611,236612,2,18
236611,245013,2,106
236611,245014,2,126
236612,236611,2,18
236612,245013,2,118
236612,245014,2,137
236701,236711,2,16
236701,236702,2,57
236702,236701,2,57
236702,236711,2,70
236711,236701,2,16
236711,236702,2,70
236811,236812,2,28
236812,236811,2,28
236911,236912,2,18
236912,236911,2,18
237111,237112,2,88
237111,265111,2,110
237111,248212,2,135
237111,554715,2,141
237112,265111,2,41
237112,237111,2,88
237112,237311,2,136
237311,237312,2,25
237311,237112,2,136
237312,237311,2,25
237411,237412,2,15
237412,237411,2,15
237501,237511,2,16
237501,262412,2,140
237511,237501,2,16
237511,262412,2,129
237511,262411,2,132
237601,237612,2,12
237601,237611,2,21
237601,237602,2,55
237602,237611,2,36
237602,237612,2,48
237602,237601,2,55
237611,237612,2,11
237611,237601,2,21
237611,237602,2,36
237612,237611,2,11
237612,237601,2,12
237612,237602,2,48
237711,233411,2,85
237711,233413,2,105
237711,233412,2,132
237811,237812,2,36
237812,237811,2,36
237911,237912,2,32
237912,237911,2,32
238011,238012,2,16
238012,238011,2,16
238211,238212,2,3
238212,238211,2,3
238301,238312,2,42
238301,238302,2,44
238301,238311,2,82
238302,238301,2,44
238302,238312,2,50
238302,238311,2,75
238311,238312,2,40
238311,238302,2,75
238311,238301,2,82
238312,238311,2,40
238312,238301,2,42
238312,238302,2,50
238401,238411,2,25
238401,238402,2,34
238402,238401,2,34
238402,238411,2,41
238411,238401,2,25
238411,238402,2,41
238601,238614,2,26
238601,238603,2,26
238601,238618,2,28
238601,327811,2,30
238601,238617,2,33
238601,238613,2,38
238601,238616,2,39
238601,238604,2,41
238601,238615,2,48
238601,238602,2,53
238601,327812,2,124
238602,238618,2,38
238602,238617,2,42
238602,238616,2,46
238602,238615,2,49
238602,238601,2,53
238602,327811,2,64
238602,238614,2,66
238602,327812,2,75
238602,238604,2,75
238602,238603,2,78
238602,238613,2,88
238603,238613,2,12
238603,238614,2,20
238603,238601,2,26
238603,238604,2,30
238603,238618,2,45
238603,327811,2,45
238603,238617,2,46
238603,238616,2,49
238603,238615,2,57
238603,238602,2,78
238604,238614,2,15
238604,238613,2,28
238604,238603,2,30
238604,238616,2,33
238604,238617,2,34
238604,238615,2,37
238604,238618,2,37
238604,238601,2,41
238604,327811,2,69
238604,238602,2,75
238604,239121,2,125
238604,238811,2,140
238613,238603,2,12
238613,238614,2,24
238613,238604,2,28
238613,238601,2,38
238613,238618,2,53
238613,238617,2,53
238613,238616,2,54
238613,327811,2,57
238613,238615,2,61
238613,238602,2,88
238613,238811,2,137
238614,238604,2,15
238614,238603,2,20
238614,238613,2,24
238614,238601,2,26
238614,238617,2,28
238614,238618,2,28
238614,238616,2,30
238614,238615,2,37
238614,327811,2,54
238614,238602,2,66
238614,239121,2,138
238614,327812,2,141
238615,238616,2,9
238615,238617,2,15
238615,238618,2,21
238615,238604,2,37
238615,238614,2,37
238615,238601,2,48
238615,238602,2,49
238615,238603,2,57
238615,238613,2,61
238615,327811,2,77
238615,239121,2,115
238615,327812,2,121
238616,238617,2,6
238616,238615,2,9
238616,238618,2,12
238616,238614,2,30
238616,238604,2,33
238616,238601,2,39
238616,238602,2,46
238616,238603,2,49
238616,238613,2,54
238616,327811,2,67
238616,327812,2,120
238616,239121,2,124
238617,238616,2,6
238617,238618,2,6
238617,238615,2,15
238617,238614,2,28
238617,238601,2,33
238617,238604,2,34
238617,238602,2,42
238617,238603,2,46
238617,238613,2,53
238617,327811,2,61
238617,327812,2,117
238617,239121,2,130
238618,238617,2,6
238618,238616,2,12
238618,238615,2,21
238618,238601,2,28
238618,238614,2,28
238618,238604,2,37
238618,238602,2,38
238618,238603,2,45
238618,238613,2,53
238618,327811,2,56
238618,327812,2,114
238618,239121,2,136
238712,327812,2,97
238811,238812,2,19
238811,238613,2,137
238811,238604,2,140
238812,238811,2,19
239011,239012,2,8
239012,239011,2,8
239121,239122,2,63
239121,238615,2,115
239121,238616,2,124
239121,238604,2,125
239121,238617,2,130
239121,238618,2,136
239121,238614,2,138
239122,239121,2,63
239211,239232,2,0
239211,239212,2,10
239211,255002,2,138
239212,239232,2,10
239212,239211,2,10
239212,255002,2,129
239232,239211,2,0
239232,239212,2,10
239232,255002,2,138
239311,239312,2,13
239312,239311,2,13
239401,239402,2,41
239402,239401,2,41
239511,239512,2,24
239512,239511,2,24
239611,239612,2,42
239612,239611,2,42
239713,239721,2,9
239713,239722,2,12
239721,239713,2,9
239721,239722,2,10
239722,239721,2,10
239722,239713,2,12
239801,239812,2,22
239801,239802,2,24
239801,239811,2,44
239801,280611,2,127
239801,243201,2,130
239801,243202,2,138
239802,239811,2,20
239802,239801,2,24
239802,239812,2,41
239802,280611,2,126
239811,239802,2,20
239811,239801,2,44
239811,239812,2,61
239811,280611,2,124
239812,239801,2,22
239812,239802,2,41
239812,239811,2,61
239812,243201,2,123
239812,243202,2,137
239812,243211,2,139
239911,239912,2,5
239912,239911,2,5
240011,240012,2,27
240012,240011,2,27
240111,240112,2,28
240112,240111,2,28
240201,240202,2,0
240202,240201,2,0
240311,240312,2,47
240311,676412,2,123
240312,240311,2,47
240401,240402,2,63
240401,276511,2,123
240402,240401,2,63
240402,276511,2,64
240511,600611,2,107
240511,608012,2,109
240511,608011,2,116
240511,246711,2,132
240511,600612,2,141
240601,240602,2,2
240601,240612,2,22
240601,240611,2,32
240602,240601,2,2
240602,240612,2,21
240602,240611,2,32
240611,240612,2,11
240611,240601,2,32
240611,240602,2,32
240612,240611,2,11
240612,240602,2,21
240612,240601,2,22
241021,241041,2,37
241021,241022,2,40
241021,241043,2,83
241022,241021,2,40
241022,241043,2,63
241022,241041,2,78
241041,241021,2,37
241041,241022,2,78
241041,241043,2,115
241043,241022,2,63
241043,241021,2,83
241043,241041,2,115
241111,241112,2,46
241112,241111,2,46
241201,241211,2,29
241201,241202,2,104
241201,256901,2,121
241202,241212,2,66
241202,241211,2,79
241202,241201,2,104
241202,244411,2,127
241202,244403,2,128
241202,244401,2,133
241211,241201,2,29
241211,241202,2,79
241211,256901,2,136
241212,241202,2,66
241212,244403,2,70
241212,244411,2,74
241212,244401,2,75
241212,244412,2,134
241301,241316,2,36
241301,241302,2,43
241301,241303,2,44
241301,241314,2,54
241301,241313,2,54
241301,241311,2,64
241301,241304,2,71
241302,241311,2,22
241302,241301,2,43
241302,241314,2,66
241302,241303,2,71
241302,241316,2,72
241302,241313,2,77
241302,241304,2,79
241303,241313,2,9
241303,241314,2,20
241303,241304,2,35
241303,241301,2,44
241303,241302,2,71
241303,241316,2,72
241303,241311,2,83
241304,241314,2,18
241304,241313,2,28
241304,241303,2,35
241304,241301,2,71
241304,241302,2,79
241304,241311,2,82
241304,241316,2,104
241311,241302,2,22
241311,241301,2,64
241311,241314,2,73
241311,241304,2,82
241311,241303,2,83
241311,241313,2,87
241311,241316,2,95
241313,241303,2,9
241313,241314,2,16
241313,241304,2,28
241313,241301,2,54
241313,241302,2,77
241313,241316,2,82
241313,241311,2,87
241314,241313,2,16
241314,241304,2,18
241314,241303,2,20
241314,241301,2,54
241314,241302,2,66
241314,241311,2,73
241314,241316,2,86
241316,241301,2,36
241316,241303,2,72
241316,241302,2,72
241316,241313,2,82
241316,241314,2,86
241316,241311,2,95
241316,241304,2,104
241601,241602,2,17
241602,241601,2,17
241702,241721,2,0
241702,241723,2,39
241702,241715,2,74
241715,241723,2,37
241715,241721,2,74
241715,241702,2,74
241721,241702,2,0
241721,241723,2,39
241721,241715,2,74
241723,241715,2,37
241723,241721,2,39
241723,241702,2,39
241801,241811,2,12
241801,241812,2,20
241801,241802,2,24
241802,241801,2,24
241802,241812,2,27
241802,241811,2,32
241811,241801,2,12
241811,241812,2,31
241811,241802,2,32
241812,241801,2,20
241812,241802,2,27
241812,241811,2,31
242011,242012,2,13
242011,254401,2,116
242011,254411,2,122
242012,242011,2,13
242012,254401,2,119
242012,254411,2,124
242101,242102,2,31
242101,242112,2,47
242101,242111,2,49
242101,264211,2,76
242101,264212,2,125
242102,242101,2,31
242102,242112,2,41
242102,242111,2,45
242102,264211,2,92
242102,264212,2,135
242111,242112,2,5
242111,242102,2,45
242111,242101,2,49
242111,264211,2,125
242112,242111,2,5
242112,242102,2,41
242112,242101,2,47
242112,264211,2,123
242201,242211,2,0
242201,242202,2,41
242201,242212,2,96
242202,242201,2,41
242202,242211,2,41
242202,242212,2,54
242211,242201,2,0
242211,242202,2,41
242211,242212,2,96
242212,242202,2,54
242212,242201,2,96
242212,242211,2,96
242311,242312,2,32
242312,242311,2,32
242411,242412,2,68
242412,242411,2,68
242412,244211,2,107
242412,244212,2,114
242511,242512,2,9
242511,242513,2,30
242512,242511,2,9
242512,242513,2,24
242513,242512,2,24
242513,242511,2,30
242601,242602,2,23
242602,242601,2,23
242701,242702,2,43
242701,242711,2,94
242701,554902,2,114
242702,242701,2,43
242702,242711,2,57
242702,244722,2,135
242711,242702,2,57
242711,244722,2,91
242711,242701,2,94
242711,244721,2,118
242901,242912,2,26
242901,242911,2,30
242901,242902,2,50
242902,242911,2,25
242902,242912,2,27
242902,242901,2,50
242911,242912,2,21
242911,242902,2,25
242911,242901,2,30
242912,242911,2,21
242912,242901,2,26
242912,242902,2,27
243121,243122,2,39
243122,243121,2,39
243201,243211,2,18
243201,243202,2,43
243201,239812,2,123
243201,239801,2,130
243202,243211,2,32
243202,243201,2,43
243202,239812,2,137
243202,239801,2,138
243211,243201,2,18
243211,243202,2,32
243211,239812,2,139
243301,243302,2,9
243302,243301,2,9
243411,243412,2,8
243412,243411,2,8
243511,243512,2,10
243511,555022,2,122
243511,555021,2,130
243512,243511,2,10
243512,555022,2,125
243512,555021,2,135
243611,243612,2,13
243612,243611,2,13
243711,243712,2,24
243711,235911,2,34
243711,235912,2,47
243711,235901,2,110
243711,235902,2,141
243712,243711,2,24
243712,235911,2,45
243712,235912,2,68
243712,235901,2,92
243712,235902,2,130
243821,243822,2,38
243821,245113,2,136
243821,245123,2,136
243821,245121,2,140
243822,243821,2,38
243911,243912,2,5
243912,243911,2,5
244011,244012,2,15
244011,810494,2,109
244012,244011,2,15
244012,810494,2,122
244012,247621,2,135
244211,244212,2,6
244211,242412,2,107
244212,244211,2,6
244212,242412,2,114
244311,244312,2,11
244311,245311,2,65
244311,245301,2,81
244311,245312,2,97
244311,247621,2,114
244311,245302,2,118
244311,247622,2,130
244312,244311,2,11
244312,245311,2,58
244312,245301,2,78
244312,245312,2,94
244312,247621,2,108
244312,245302,2,117
244312,247622,2,124
244401,244403,2,4
244401,244411,2,14
244401,244412,2,73
244401,241212,2,75
244401,244404,2,87
244401,244402,2,89
244401,241202,2,133
244402,244404,2,5
244402,244412,2,16
244402,244411,2,80
244402,244401,2,89
244402,244403,2,91
244403,244401,2,4
244403,244411,2,12
244403,241212,2,70
244403,244412,2,74
244403,244404,2,88
244403,244402,2,91
244403,241202,2,128
244404,244402,2,5
244404,244412,2,15
244404,244411,2,77
244404,244401,2,87
244404,244403,2,88
244411,244403,2,12
244411,244401,2,14
244411,244412,2,64
244411,241212,2,74
244411,244404,2,77
244411,244402,2,80
244411,241202,2,127
244412,244404,2,15
244412,244402,2,16
244412,244411,2,64
244412,244401,2,73
244412,244403,2,74
244412,241212,2,134
244611,244612,2,18
244611,244621,2,86
244611,251011,2,109
244612,244611,2,18
244612,244621,2,71
244612,251011,2,115
244621,244612,2,71
244621,244611,2,86
244621,251011,2,118
244621,251012,2,137
244721,244722,2,27
244721,242711,2,118
244722,244721,2,27
244722,242711,2,91
244722,242702,2,135
244901,244902,2,38
244902,244901,2,38
245011,245041,2,0
245011,245012,2,35
245011,245014,2,47
245011,245013,2,62
245012,245011,2,35
245012,245041,2,35
245012,245014,2,38
245012,245013,2,59
245013,245014,2,21
245013,245012,2,59
245013,245011,2,62
245013,245041,2,62
245013,236611,2,106
245013,236612,2,118
245014,245013,2,21
245014,245012,2,38
245014,245011,2,47
245014,245041,2,47
245014,236611,2,126
245014,236612,2,137
245041,245011,2,0
245041,245012,2,35
245041,245014,2,47
245041,245013,2,62
245113,245123,2,0
245113,245121,2,22
245113,245124,2,53
245113,245122,2,67
245113,243821,2,136
245121,245113,2,22
245121,245123,2,22
245121,245122,2,57
245121,245124,2,75
245121,243821,2,140
245122,245121,2,57
245122,245113,2,67
245122,245123,2,67
245122,245124,2,98
245123,245113,2,0
245123,245121,2,22
245123,245124,2,53
245123,245122,2,67
245123,243821,2,136
245124,245113,2,53
245124,245123,2,53
245124,245121,2,75
245124,245122,2,98
245124,246521,2,129
245221,245222,2,18
245222,245221,2,18
245301,245312,2,16
245301,245311,2,27
245301,245302,2,42
245301,244312,2,78
245301,244311,2,81
245302,245312,2,29
245302,245301,2,42
245302,245311,2,69
245302,244312,2,117
245302,244311,2,118
245311,245301,2,27
245311,245312,2,40
245311,244312,2,58
245311,244311,2,65
245311,245302,2,69
245312,245301,2,16
245312,245302,2,29
245312,245311,2,40
245312,244312,2,94
245312,244311,2,97
245412,245612,2,116
245612,245412,2,116
245801,245804,2,45
245801,245803,2,51
245801,245802,2,57
245801,245815,2,132
245801,600511,2,141
245802,245804,2,14
245802,245803,2,22
245802,245801,2,57
245802,245815,2,84
245802,600511,2,118
245802,600512,2,122
245803,245804,2,13
245803,245802,2,22
245803,245801,2,51
245803,245815,2,81
245803,600511,2,140
245804,245803,2,13
245804,245802,2,14
245804,245801,2,45
245804,245815,2,89
245804,600511,2,128
245804,600512,2,132
245815,245803,2,81
245815,245802,2,84
245815,245804,2,89
245815,245801,2,132
245901,245902,2,38
245901,247513,2,44
245901,245912,2,60
245901,247522,2,90
245901,247514,2,109
245901,247521,2,109
245902,245912,2,22
245902,245901,2,38
245902,247513,2,83
245902,247522,2,125
245902,247521,2,138
245912,245902,2,22
245912,245901,2,60
245912,247513,2,105
246011,246012,2,18
246012,246011,2,18
246201,246202,2,55
246201,246212,2,77
246201,246211,2,98
246202,246212,2,40
246202,246201,2,55
246202,246211,2,59
246211,246212,2,21
246211,246202,2,59
246211,246201,2,98
246212,246211,2,21
246212,246202,2,40
246212,246201,2,77
246401,246414,2,19
246401,246402,2,28
246401,246411,2,33
246401,246413,2,68
246402,246411,2,22
246402,246401,2,28
246402,246414,2,39
246402,246413,2,43
246411,246402,2,22
246411,246401,2,33
246411,246413,2,37
246411,246414,2,51
246413,246411,2,37
246413,246402,2,43
246413,246401,2,68
246413,246414,2,82
246414,246401,2,19
246414,246402,2,39
246414,246411,2,51
246414,246413,2,82
246521,246522,2,29
246521,245124,2,129
246522,246521,2,29
246601,246632,2,32
246601,554212,2,32
246601,246602,2,45
246601,554211,2,50
246601,554202,2,81
246601,246611,2,102
246601,554203,2,117
246601,554201,2,117
246601,247516,2,126
246601,246612,2,130
246602,246632,2,19
246602,246601,2,45
246602,554212,2,66
246602,246611,2,82
246602,246612,2,89
246602,554211,2,93
246602,554202,2,107
246602,554203,2,135
246602,554201,2,137
246602,247516,2,139
246611,246632,2,77
246611,246602,2,82
246611,246601,2,102
246611,554212,2,134
246611,246612,2,142
246612,247721,2,88
246612,246602,2,89
246612,246632,2,108
246612,246601,2,130
246612,554212,2,136
246612,246611,2,142
246632,246602,2,19
246632,246601,2,32
246632,554212,2,59
246632,246611,2,77
246632,554211,2,82
246632,554202,2,105
246632,246612,2,108
246632,554203,2,137
246632,554201,2,139
246711,246712,2,39
246711,240511,2,132
246712,246711,2,39
246712,600512,2,123
246712,600511,2,131
246811,260901,2,115
246811,260904,2,123
246811,260914,2,141
246911,246912,2,9
246912,246911,2,9
247001,247012,2,16
247001,247011,2,28
247001,247002,2,39
247002,247012,2,28
247002,247001,2,39
247002,247011,2,66
247011,247001,2,28
247011,247012,2,39
247011,247002,2,66
247012,247001,2,16
247012,247002,2,28
247012,247011,2,39
247104,247121,2,111
247104,247122,2,134
247121,247122,2,91
247121,247104,2,111
247122,247121,2,91
247122,247104,2,134
247201,247211,2,9
247201,247202,2,50
247201,247212,2,54
247202,247212,2,7
247202,247211,2,43
247202,247201,2,50
247211,247201,2,9
247211,247202,2,43
247211,247212,2,48
247212,247202,2,7
247212,247211,2,48
247212,247201,2,54
247312,280912,2,118
247513,245901,2,44
247513,247522,2,48
247513,247514,2,65
247513,247521,2,78
247513,245902,2,83
247513,245912,2,105
247513,247516,2,129
247513,554201,2,137
247513,554203,2,137
247514,247522,2,42
247514,247513,2,65
247514,247516,2,66
247514,554201,2,71
247514,554203,2,72
247514,247521,2,77
247514,245901,2,109
247514,554202,2,110
247516,554203,2,15
247516,554201,2,19
247516,554202,2,53
247516,247514,2,66
247516,554212,2,95
247516,554211,2,103
247516,247522,2,106
247516,246601,2,126
247516,247513,2,129
247516,247521,2,134
247516,246602,2,139
247521,247522,2,39
247521,247514,2,77
247521,247513,2,78
247521,245901,2,109
247521,554201,2,130
247521,554203,2,133
247521,247516,2,134
247521,245902,2,138
247522,247521,2,39
247522,247514,2,42
247522,247513,2,48
247522,245901,2,90
247522,247516,2,106
247522,554201,2,107
247522,554203,2,109
247522,245902,2,125
247621,247622,2,17
247621,244312,2,108
247621,244311,2,114
247621,244012,2,135
247622,247621,2,17
247622,244312,2,124
247622,244311,2,130
247721,247722,2,85
247721,246612,2,88
247722,247721,2,85
248011,248012,2,12
248012,248011,2,12
248101,248102,2,11
248101,248114,2,47
248101,248113,2,65
248101,248131,2,70
248101,248132,2,105
248101,248711,2,128
248102,248101,2,11
248102,248114,2,57
248102,248131,2,61
248102,248113,2,76
248102,248132,2,94
248102,248711,2,136
248113,248114,2,23
248113,248101,2,65
248113,248102,2,76
248113,248731,2,109
248113,248701,2,109
248113,248711,2,112
248113,248131,2,122
248113,248712,2,136
248113,248702,2,139
248114,248113,2,23
248114,248101,2,47
248114,248102,2,57
248114,248131,2,99
248114,248711,2,125
248114,248701,2,129
248114,248731,2,129
248114,248132,2,138
248131,248132,2,38
248131,248102,2,61
248131,248101,2,70
248131,248114,2,99
248131,248113,2,122
248132,248131,2,38
248132,248102,2,94
248132,248101,2,105
248132,248114,2,138
248212,237111,2,135
248301,248331,2,0
248301,248332,2,30
248301,248302,2,30
248302,248332,2,0
248302,248331,2,30
248302,248301,2,30
248331,248301,2,0
248331,248332,2,30
248331,248302,2,30
248332,248302,2,0
248332,248331,2,30
248332,248301,2,30
248611,248612,2,29
248612,248611,2,29
248701,248731,2,12
248701,248712,2,26
248701,248702,2,36
248701,248711,2,44
248701,248113,2,109
248701,248114,2,129
248702,248712,2,22
248702,248731,2,31
248702,248701,2,36
248702,248711,2,75
248702,248113,2,139
248711,248701,2,44
248711,248731,2,55
248711,248712,2,56
248711,248702,2,75
248711,248113,2,112
248711,248114,2,125
248711,248101,2,128
248711,248102,2,136
248711,249612,2,137
248711,249611,2,140
248712,248702,2,22
248712,248701,2,26
248712,248731,2,30
248712,248711,2,56
248712,248113,2,136
248731,248701,2,12
248731,248712,2,30
248731,248702,2,31
248731,248711,2,55
248731,248113,2,109
248731,248114,2,129
248801,248811,2,8
248801,248802,2,39
248802,248801,2,39
248802,248811,2,42
248811,248801,2,8
248811,248802,2,42
248911,248912,2,14
248912,248911,2,14
248912,295412,2,130
248912,295411,2,131
249111,249113,2,44
249111,249112,2,45
249112,249113,2,13
249112,249111,2,45
249113,249112,2,13
249113,249111,2,44
249201,249232,2,30
249201,249231,2,33
249201,249202,2,38
249202,249231,2,10
249202,249232,2,15
249202,249201,2,38
249231,249202,2,10
249231,249232,2,20
249231,249201,2,33
249232,249202,2,15
249232,249231,2,20
249232,249201,2,30
249401,249402,2,10
249401,249432,2,13
249401,249433,2,85
249402,249432,2,5
249402,249401,2,10
249402,249433,2,77
249432,249402,2,5
249432,249401,2,13
249432,249433,2,78
249433,249402,2,77
249433,249432,2,78
249433,249401,2,85
249511,249512,2,18
249512,249511,2,18
249611,249612,2,15
249611,248711,2,140
249612,249611,2,15
249612,248711,2,137
249701,249713,2,12
249701,249711,2,17
249701,249712,2,36
249701,249702,2,56
249702,249712,2,21
249702,249711,2,40
249702,249701,2,56
249702,249713,2,63
249711,249701,2,17
249711,249712,2,19
249711,249713,2,28
249711,249702,2,40
249712,249711,2,19
249712,249702,2,21
249712,249701,2,36
249712,249713,2,46
249713,249701,2,12
249713,249711,2,28
249713,249712,2,46
249713,249702,2,63
249811,249812,2,24
249812,249811,2,24
249913,249922,2,98
249913,249921,2,140
249921,249922,2,41
249921,249913,2,140
249922,249921,2,41
249922,249913,2,98
250021,250022,2,52
250022,250021,2,52
250101,250112,2,17
250101,250111,2,27
250101,264602,2,141
250111,250112,2,13
250111,250101,2,27
250111,264602,2,114
250112,250111,2,13
250112,250101,2,17
250112,264602,2,125
250211,250212,2,3
250212,250211,2,3
250502,250521,2,46
250521,250502,2,46
250601,250631,2,27
250601,250602,2,44
250601,250632,2,46
250602,250632,2,8
250602,250631,2,20
250602,250601,2,44
250631,250602,2,20
250631,250632,2,25
250631,250601,2,27
250632,250602,2,8
250632,250631,2,25
250632,250601,2,46
250701,250711,2,38
250701,250702,2,45
250702,250711,2,8
250702,250701,2,45
250711,250702,2,8
250711,250701,2,38
250811,250812,2,79
250811,264212,2,139
250812,250811,2,79
250812,264212,2,124
250911,250912,2,83
250912,250911,2,83
251011,251012,2,47
251011,244611,2,109
251011,244612,2,115
251011,244621,2,118
251012,251011,2,47
251012,244621,2,137
251111,251112,2,14
251111,302411,2,103
251111,302412,2,104
251112,251111,2,14
251112,302411,2,92
251112,302412,2,93
251311,251312,2,5
251311,225802,2,130
251311,225812,2,136
251312,251311,2,5
251312,225802,2,129
251312,225812,2,135
251411,251412,2,48
251411,685612,2,97
251411,685611,2,101
251412,251411,2,48
251412,685612,2,139
251412,685611,2,140
251521,251522,2,22
251522,251521,2,22
251522,251711,2,128
251621,251622,2,23
251622,251621,2,23
251711,251522,2,128
251821,251822,2,41
251822,251821,2,41
251921,251922,2,22
251922,251921,2,22
252101,252102,2,24
252102,252101,2,24
252201,252203,2,10
252201,252214,2,11
252201,252215,2,11
252201,252213,2,24
252201,252212,2,40
252201,252204,2,42
252201,252202,2,42
252201,252211,2,56
252202,252204,2,4
252202,252212,2,9
252202,252211,2,16
252202,252213,2,21
252202,252214,2,40
252202,252201,2,42
252202,252215,2,43
252202,252203,2,43
252203,252201,2,10
252203,252214,2,21
252203,252215,2,22
252203,252213,2,29
252203,252204,2,42
252203,252212,2,42
252203,252202,2,43
252203,252211,2,59
252204,252202,2,4
252204,252212,2,13
252204,252211,2,20
252204,252213,2,23
252204,252214,2,41
252204,252203,2,42
252204,252201,2,42
252204,252215,2,44
252211,252202,2,16
252211,252212,2,16
252211,252204,2,20
252211,252213,2,32
252211,252214,2,51
252211,252215,2,54
252211,252201,2,56
252211,252203,2,59
252212,252202,2,9
252212,252204,2,13
252212,252213,2,15
252212,252211,2,16
252212,252214,2,35
252212,252215,2,37
252212,252201,2,40
252212,252203,2,42
252213,252212,2,15
252213,252214,2,19
252213,252202,2,21
252213,252215,2,22
252213,252204,2,23
252213,252201,2,24
252213,252203,2,29
252213,252211,2,32
252214,252215,2,2
252214,252201,2,11
252214,252213,2,19
252214,252203,2,21
252214,252212,2,35
252214,252202,2,40
252214,252204,2,41
252214,252211,2,51
252215,252214,2,2
252215,252201,2,11
252215,252203,2,22
252215,252213,2,22
252215,252212,2,37
252215,252202,2,43
252215,252204,2,44
252215,252211,2,54
252301,252302,2,2
252301,252312,2,14
252301,252311,2,16
252302,252301,2,2
252302,252312,2,13
252302,252311,2,17
252311,252301,2,16
252311,252302,2,17
252311,252312,2,30
252312,252302,2,13
252312,252301,2,14
252312,252311,2,30
252421,252422,2,34
252422,252421,2,34
252501,252511,2,39
252501,252502,2,39
252501,252512,2,52
252501,252513,2,77
252502,252511,2,6
252502,252512,2,14
252502,252501,2,39
252502,252513,2,44
252511,252502,2,6
252511,252512,2,12
252511,252501,2,39
252511,252513,2,40
252512,252511,2,12
252512,252502,2,14
252512,252513,2,30
252512,252501,2,52
252513,252512,2,30
252513,252511,2,40
252513,252502,2,44
252513,252501,2,77
252611,252612,2,11
252612,252611,2,11
252711,252712,2,56
252712,252711,2,56
252712,253111,2,122
252911,252912,2,17
252912,252911,2,17
253011,253012,2,128
253012,253011,2,128
253111,252712,2,122
253221,253222,2,42
253222,253221,2,42
253301,253302,2,112
253302,253301,2,112
253411,253412,2,4
253411,253712,2,64
253411,253711,2,73
253412,253411,2,4
253412,253712,2,65
253412,253711,2,74
253511,253512,2,103
253512,253511,2,103
253512,254712,2,139
253512,254711,2,141
253711,253712,2,10
253711,253411,2,73
253711,253412,2,74
253712,253711,2,10
253712,253411,2,64
253712,253412,2,65
253911,253912,2,19
253912,253911,2,19
254011,254012,2,15
254012,254011,2,15
254211,254212,2,28
254212,254211,2,28
254321,254322,2,40
254322,254321,2,40
254401,254411,2,10
254401,254404,2,35
254401,254402,2,41
254401,254431,2,64
254401,254432,2,86
254401,242011,2,116
254401,242012,2,119
254402,254431,2,23
254402,254404,2,31
254402,254401,2,41
254402,254411,2,42
254402,254432,2,44
254404,254411,2,28
254404,254402,2,31
254404,254401,2,35
254404,254431,2,51
254404,254432,2,66
254411,254401,2,10
254411,254404,2,28
254411,254402,2,42
254411,254431,2,66
254411,254432,2,86
254411,242011,2,122
254411,242012,2,124
254431,254432,2,23
254431,254402,2,23
254431,254404,2,51
254431,254401,2,64
254431,254411,2,66
254432,254431,2,23
254432,254402,2,44
254432,254404,2,66
254432,254411,2,86
254432,254401,2,86
254511,254512,2,32
254512,254511,2,32
254711,254712,2,20
254711,253512,2,141
254712,254711,2,20
254712,253512,2,139
254811,254812,2,43
254811,254816,2,63
254811,254814,2,75
254812,254811,2,43
254812,254816,2,56
254812,254814,2,67
254814,254812,2,67
254814,254811,2,75
254814,254816,2,122
254816,254812,2,56
254816,254811,2,63
254816,254814,2,122
254911,254912,2,77
254912,254911,2,77
255001,255002,2,104
255002,255001,2,104
255002,239212,2,129
255002,239232,2,138
255002,239211,2,138
255111,255112,2,15
255112,255111,2,15
255211,255212,2,18
255212,255211,2,18
255321,255322,2,41
255322,255321,2,41
255511,255512,2,31
255512,255511,2,31
255701,255711,2,21
255701,255702,2,32
255701,255712,2,39
255702,255711,2,21
255702,255701,2,32
255702,255712,2,69
255711,255701,2,21
255711,255702,2,21
255711,255712,2,51
255712,255701,2,39
255712,255711,2,51
255712,255702,2,69
255811,255812,2,71
255812,255811,2,71
256001,256011,2,6
256001,256012,2,14
256001,256002,2,37
256002,256012,2,25
256002,256011,2,32
256002,256001,2,37
256011,256001,2,6
256011,256012,2,8
256011,256002,2,32
256012,256011,2,8
256012,256001,2,14
256012,256002,2,25
256111,256112,2,42
256111,256114,2,82
256112,256111,2,42
256112,256114,2,46
256114,256112,2,46
256114,256111,2,82
256311,256342,2,21
256342,256311,2,21
256421,256422,2,12
256422,256421,2,12
256512,256613,2,109
256512,256611,2,120
256611,256613,2,15
256611,256512,2,120
256613,256611,2,15
256613,256512,2,109
256701,256711,2,18
256701,256712,2,32
256701,256713,2,42
256711,256712,2,14
256711,256701,2,18
256711,256713,2,24
256712,256713,2,10
256712,256711,2,14
256712,256701,2,32
256713,256712,2,10
256713,256711,2,24
256713,256701,2,42
256901,256902,2,111
256901,241201,2,121
256901,241211,2,136
256902,256901,2,111
257011,257012,2,3
257012,257011,2,3
257211,257212,2,16
257212,257211,2,16
257311,257312,2,8
257312,257311,2,8
257411,257412,2,31
257412,257411,2,31
257611,257612,2,13
257612,257611,2,13
257711,257712,2,13
257712,257711,2,13
257811,257812,2,14
257812,257811,2,14
257911,257912,2,41
257912,257911,2,41
258111,258112,2,41
258112,258111,2,41
258211,258212,2,9
258212,258211,2,9
258311,261002,2,113
258311,261001,2,127
258311,261012,2,128
258311,261011,2,142
258421,258422,2,46
258422,258421,2,46
258701,258711,2,15
258701,258702,2,45
258701,258712,2,78
258702,258711,2,31
258702,258701,2,45
258702,258712,2,109
258711,258701,2,15
258711,258702,2,31
258711,258712,2,82
258712,258701,2,78
258712,258711,2,82
258712,258702,2,109
258811,258812,2,76
258812,258811,2,76
258911,258912,2,15
258912,258911,2,15
259011,259012,2,88
259012,259102,2,74
259012,259111,2,75
259012,259011,2,88
259012,259101,2,95
259101,259111,2,20
259101,259102,2,41
259101,259012,2,95
259101,259612,2,100
259102,259111,2,28
259102,259101,2,41
259102,259012,2,74
259102,259612,2,136
259111,259101,2,20
259111,259102,2,28
259111,259012,2,75
259111,259612,2,108
259211,259212,2,120
259212,287512,2,88
259212,287511,2,92
259212,259211,2,120
259301,259302,2,27
259302,259301,2,27
259414,259415,2,6
259414,259422,2,16
259414,259421,2,69
259415,259414,2,6
259415,259422,2,22
259415,259421,2,76
259421,259422,2,54
259421,259414,2,69
259421,259415,2,76
259422,259414,2,16
259422,259415,2,22
259422,259421,2,54
259511,259512,2,11
259512,259511,2,11
259612,259101,2,100
259612,259111,2,108
259612,259102,2,136
259711,259712,2,30
259712,259711,2,30
259801,259802,2,43
259802,259801,2,43
260111,260112,2,35
260111,260311,2,123
260111,554611,2,123
260111,260312,2,132
260111,554601,2,135
260111,554602,2,142
260112,260111,2,35
260112,260311,2,87
260112,260312,2,97
260301,260302,2,19
260301,260912,2,99
260301,260911,2,113
260301,260411,2,118
260301,260412,2,122
260301,260902,2,135
260302,260301,2,19
260302,260912,2,118
260302,260412,2,124
260302,260411,2,125
260302,260911,2,133
260311,260312,2,21
260311,260112,2,87
260311,260111,2,123
260312,260311,2,21
260312,260112,2,97
260312,260111,2,132
260411,260412,2,29
260411,260914,2,96
260411,260301,2,118
260411,260902,2,120
260411,260302,2,125
260411,260901,2,135
260411,260911,2,137
260411,260904,2,138
260412,260411,2,29
260412,260301,2,122
260412,260914,2,124
260412,260302,2,124
260412,260711,2,132
260601,260611,2,52
260601,260612,2,56
260611,260612,2,13
260611,260601,2,52
260612,260611,2,13
260612,260601,2,56
260711,260412,2,132
260901,260904,2,15
260901,260902,2,40
260901,260903,2,62
260901,260914,2,66
260901,260911,2,81
260901,260912,2,114
260901,246811,2,115
260901,260411,2,135
260902,260904,2,30
260902,260901,2,40
260902,260911,2,42
260902,260903,2,48
260902,260912,2,75
260902,260914,2,85
260902,260411,2,120
260902,260301,2,135
260903,260902,2,48
260903,260904,2,48
260903,260911,2,48
260903,260901,2,62
260903,260912,2,73
260903,260914,2,125
260904,260901,2,15
260904,260902,2,30
260904,260903,2,48
260904,260911,2,67
260904,260914,2,78
260904,260912,2,100
260904,246811,2,123
260904,260411,2,138
260911,260912,2,33
260911,260902,2,42
260911,260903,2,48
260911,260904,2,67
260911,260901,2,81
260911,260301,2,113
260911,260914,2,125
260911,260302,2,133
260911,260411,2,137
260912,260911,2,33
260912,260903,2,73
260912,260902,2,75
260912,260301,2,99
260912,260904,2,100
260912,260901,2,114
260912,260302,2,118
260912,554611,2,139
260914,260901,2,66
260914,260904,2,78
260914,260902,2,85
260914,260411,2,96
260914,260412,2,124
260914,260911,2,125
260914,260903,2,125
260914,246811,2,141
261001,261002,2,42
261001,261012,2,51
261001,261011,2,57
261001,261014,2,75
261001,261013,2,76
261001,258311,2,127
261002,261012,2,16
261002,261011,2,30
261002,261001,2,42
261002,261014,2,72
261002,261013,2,82
261002,258311,2,113
261011,261012,2,14
261011,261002,2,30
261011,261014,2,47
261011,261001,2,57
261011,261013,2,60
261011,258311,2,142
261012,261011,2,14
261012,261002,2,16
261012,261001,2,51
261012,261014,2,59
261012,261013,2,71
261012,258311,2,128
261013,261014,2,15
261013,261011,2,60
261013,261012,2,71
261013,261001,2,76
261013,261002,2,82
261014,261013,2,15
261014,261011,2,47
261014,261012,2,59
261014,261002,2,72
261014,261001,2,75
261111,261112,2,45
261112,261111,2,45
261112,262611,2,132
261112,262612,2,133
261201,261212,2,17
261201,261211,2,26
261201,261202,2,40
261202,261211,2,15
261202,261212,2,25
261202,261201,2,40
261211,261212,2,9
261211,261202,2,15
261211,261201,2,26
261212,261211,2,9
261212,261201,2,17
261212,261202,2,25
261311,261312,2,21
261312,261311,2,21
261401,261431,2,34
261401,261432,2,37
261401,261402,2,125
261402,261432,2,89
261402,261431,2,92
261402,261401,2,125
261431,261432,2,16
261431,261401,2,34
261431,261402,2,92
261432,261431,2,16
261432,261401,2,37
261432,261402,2,89
261521,261523,2,8
261521,261522,2,38
261522,261521,2,38
261522,261523,2,46
261523,261521,2,8
261523,261522,2,46
261601,261611,2,9
261601,261612,2,34
261601,261602,2,39
261602,261612,2,12
261602,261611,2,31
261602,261601,2,39
261611,261601,2,9
261611,261612,2,25
261611,261602,2,31
261612,261602,2,12
261612,261611,2,25
261612,261601,2,34
261711,261712,2,19
261712,261711,2,19
261811,261812,2,22
261812,261811,2,22
261911,261912,2,3
261911,558811,2,111
261911,558812,2,121
261912,261911,2,3
261912,558811,2,114
261912,558812,2,124
262001,262002,2,33
262001,262032,2,75
262001,262031,2,88
262001,282911,2,141
262002,262001,2,33
262002,262032,2,41
262002,262031,2,54
262002,282911,2,132
262002,282912,2,137
262031,262032,2,13
262031,262002,2,54
262031,262001,2,88
262031,265001,2,113
262031,265011,2,119
262031,265012,2,120
262031,282911,2,134
262031,282912,2,141
262032,262031,2,13
262032,262002,2,41
262032,262001,2,75
262032,265001,2,126
262032,265012,2,133
262032,265011,2,133
262032,282911,2,134
262032,282912,2,141
262111,262112,2,49
262112,262111,2,49
262211,262212,2,55
262212,262211,2,55
262311,262312,2,8
262312,262311,2,8
262411,262412,2,6
262411,237511,2,132
262412,262411,2,6
262412,237511,2,129
262412,237501,2,140
262511,262512,2,16
262512,262511,2,16
262601,262602,2,50
262602,262601,2,50
262602,262611,2,107
262602,262612,2,124
262611,262612,2,16
262611,262602,2,107
262611,261112,2,132
262612,262611,2,16
262612,262602,2,124
262612,261112,2,133
262721,262722,2,34
262722,262721,2,34
262811,262812,2,39
262811,557512,2,101
262812,262811,2,39
262812,557512,2,131
262911,262912,2,9
262912,262911,2,9
263001,263031,2,0
263001,263002,2,43
263001,263032,2,43
263001,263012,2,74
263001,263011,2,84
263001,263013,2,102
263002,263032,2,0
263002,263001,2,43
263002,263031,2,43
263002,263012,2,48
263002,263011,2,56
263002,263013,2,60
263011,263012,2,9
263011,263002,2,56
263011,263032,2,56
263011,263013,2,75
263011,263001,2,84
263011,263031,2,84
263012,263011,2,9
263012,263002,2,48
263012,263032,2,48
263012,263001,2,74
263012,263031,2,74
263012,263013,2,75
263013,263002,2,60
263013,263032,2,60
263013,263012,2,75
263013,263011,2,75
263013,263001,2,102
263013,263031,2,102
263031,263001,2,0
263031,263002,2,43
263031,263032,2,43
263031,263012,2,74
263031,263011,2,84
263031,263013,2,102
263032,263002,2,0
263032,263001,2,43
263032,263031,2,43
263032,263012,2,48
263032,263011,2,56
263032,263013,2,60
263121,263122,2,35
263122,263121,2,35
263311,264012,2,123
263401,263402,2,9
263401,263412,2,45
263402,263401,2,9
263402,263412,2,36
263412,263402,2,36
263412,263401,2,45
263501,263502,2,42
263501,263812,2,94
263502,263501,2,42
263502,263812,2,76
263611,263612,2,45
263612,263611,2,45
263812,263502,2,76
263812,263501,2,94
263911,263912,2,18
263911,264511,2,60
263911,264501,2,71
263911,264502,2,103
263912,263911,2,18
263912,264511,2,73
263912,264501,2,86
263912,264502,2,120
264012,264502,2,79
264012,264501,2,103
264012,264511,2,120
264012,263311,2,123
264211,264212,2,51
264211,242101,2,76
264211,242102,2,92
264211,242112,2,123
264211,242111,2,125
264212,264211,2,51
264212,250812,2,124
264212,242101,2,125
264212,242102,2,135
264212,250811,2,139
264301,264302,2,36
264301,264311,2,60
264302,264311,2,34
264302,264301,2,36
264311,264302,2,34
264311,264301,2,60
264501,264511,2,18
264501,264502,2,35
264501,263911,2,71
264501,263912,2,86
264501,264012,2,103
264502,264501,2,35
264502,264511,2,53
264502,264012,2,79
264502,263911,2,103
264502,263912,2,120
264511,264501,2,18
264511,264502,2,53
264511,263911,2,60
264511,263912,2,73
264511,264012,2,120
264601,264602,2,70
264601,814711,2,135
264602,264601,2,70
264602,250111,2,114
264602,814711,2,116
264602,250112,2,125
264602,250101,2,141
265001,265011,2,16
265001,265012,2,22
265001,262031,2,113
265001,262032,2,126
265011,265012,2,6
265011,265001,2,16
265011,262031,2,119
265011,262032,2,133
265012,265011,2,6
265012,265001,2,22
265012,262031,2,120
265012,262032,2,133
265111,237112,2,41
265111,237111,2,110
265911,265912,2,4
265912,265911,2,4
267011,267012,2,0
267011,209211,2,89
267012,267011,2,0
267012,209211,2,89
269611,273412,2,101
269611,273411,2,111
269712,269714,2,52
269714,269712,2,52
271001,271032,2,30
271001,271002,2,40
271001,271012,2,79
271001,271011,2,93
271002,271032,2,10
271002,271001,2,40
271002,271012,2,45
271002,271011,2,54
271011,271012,2,48
271011,271002,2,54
271011,271032,2,62
271011,271001,2,93
271012,271002,2,45
271012,271011,2,48
271012,271032,2,55
271012,271001,2,79
271032,271002,2,10
271032,271001,2,30
271032,271012,2,55
271032,271011,2,62
272901,272902,2,39
272901,272932,2,39
272901,600812,2,106
272901,600811,2,117
272902,272932,2,0
272902,272901,2,39
272902,600811,2,121
272902,600812,2,122
272932,272902,2,0
272932,272901,2,39
272932,600811,2,121
272932,600812,2,122
273211,273212,2,18
273212,273211,2,18
273411,273412,2,9
273411,269611,2,111
273412,273411,2,9
273412,269611,2,101
276511,240402,2,64
276511,240401,2,123
280611,239811,2,124
280611,239802,2,126
280611,239801,2,127
280912,247312,2,118
281001,281002,2,13
281002,281001,2,13
281401,281402,2,14
281402,281401,2,14
282911,282912,2,7
282911,262002,2,132
282911,262032,2,134
282911,262031,2,134
282911,262001,2,141
282912,282911,2,7
282912,262002,2,137
282912,262032,2,141
282912,262031,2,141
283011,283012,2,27
283012,283011,2,27
283312,233611,2,83
284722,302702,2,102
284722,302701,2,129
286711,286712,2,2
286712,286711,2,2
286811,286812,2,106
286812,286811,2,106
286931,286932,2,0
286932,286931,2,0
287511,287512,2,16
287511,259212,2,92
287512,287511,2,16
287512,259212,2,88
293911,293912,2,5
293912,293911,2,5
295111,295112,2,8
295112,295111,2,8
295411,295412,2,8
295411,248912,2,131
295412,295411,2,8
295412,248912,2,130
298512,299811,2,83
298512,300311,2,135
298611,298612,2,8
298612,298611,2,8
298812,298911,2,78
298911,298812,2,78
299311,299312,2,31
299312,299311,2,31
299511,299512,2,12
299512,299511,2,12
299711,299712,2,18
299712,299711,2,18
299811,298512,2,83
299811,300311,2,131
299911,299912,2,20
299912,299911,2,20
300311,300312,2,46
300311,299811,2,131
300311,298512,2,135
300312,300311,2,46
301211,301212,2,9
301212,301211,2,9
301411,301412,2,60
301412,301411,2,60
302401,302402,2,35
302401,302411,2,125
302401,302412,2,128
302402,302401,2,35
302402,302511,2,115
302402,302512,2,119
302411,302412,2,2
302411,251112,2,92
302411,251111,2,103
302411,302401,2,125
302412,302411,2,2
302412,251112,2,93
302412,251111,2,104
302412,302401,2,128
302501,302502,2,39
302501,236012,2,87
302501,236011,2,102
302501,302512,2,134
302501,302511,2,137
302502,302501,2,39
302502,236012,2,70
302502,236011,2,78
302511,302512,2,4
302511,302402,2,115
302511,302501,2,137
302512,302511,2,4
302512,302402,2,119
302512,302501,2,134
302601,302602,2,35
302601,302611,2,77
302602,302601,2,35
302602,302611,2,80
302611,302601,2,77
302611,302602,2,80
302611,236011,2,109
302611,236012,2,132
302701,302702,2,39
302701,284722,2,129
302702,302701,2,39
302702,284722,2,102
302801,302811,2,6
302801,302812,2,18
302801,302802,2,36
302802,302812,2,29
302802,302811,2,34
302802,302801,2,36
302811,302801,2,6
302811,302812,2,12
302811,302802,2,34
302812,302811,2,12
302812,302801,2,18
302812,302802,2,29
304111,304112,2,11
304112,304111,2,11
327811,238601,2,30
327811,238603,2,45
327811,238614,2,54
327811,238618,2,56
327811,238613,2,57
327811,238617,2,61
327811,238602,2,64
327811,238616,2,67
327811,238604,2,69
327811,238615,2,77
327811,327812,2,124
327812,238602,2,75
327812,238712,2,97
327812,238618,2,114
327812,238617,2,117
327812,238616,2,120
327812,238615,2,121
327812,327811,2,124
327812,238601,2,124
327812,238614,2,141
330611,330612,2,39
330612,330611,2,39
336812,695912,2,130
344311,344312,2,5
344312,344311,2,5
344611,344612,2,5
344611,554713,2,107
344611,554714,2,107
344611,554712,2,107
344611,554711,2,107
344611,554701,2,109
344611,554715,2,118
344611,554704,2,119
344611,554702,2,120
344611,554703,2,122
344612,344611,2,5
344612,554713,2,103
344612,554714,2,103
344612,554712,2,103
344612,554711,2,103
344612,554701,2,104
344612,554704,2,115
344612,554715,2,115
344612,554702,2,117
344612,554703,2,119
345111,556011,2,110
347901,347903,2,0
347901,347902,2,44
347902,347903,2,44
347902,347901,2,44
347903,347901,2,0
347903,347902,2,44
348201,348202,2,50
348202,348201,2,50
348401,348402,2,41
348402,348401,2,41
349611,349612,2,37
349612,349611,2,37
370311,370342,2,17
370342,370311,2,17
383501,383502,2,42
383502,383501,2,42
384101,384102,2,42
384102,384101,2,42
385101,385103,2,3
385101,385102,2,48
385102,385103,2,47
385102,385101,2,48
385103,385101,2,3
385103,385102,2,47
385301,385302,2,19
385302,385301,2,19
385911,208902,2,135
386501,386502,2,45
386502,386501,2,45
389401,389411,2,39
389401,389412,2,40
389401,389402,2,42
389402,389401,2,42
389402,389411,2,81
389402,389412,2,82
389411,389412,2,4
389411,389401,2,39
389411,389402,2,81
389412,389411,2,4
389412,389401,2,40
389412,389402,2,82
407701,407702,2,46
407702,407701,2,46
408401,408402,2,51
408402,408401,2,51
408501,408502,2,48
408502,408501,2,48
410501,410502,2,47
410502,410501,2,47
410901,410902,2,43
410902,410901,2,43
410902,414692,2,127
411301,411302,2,112
411302,411301,2,112
411801,411802,2,58
411802,411801,2,58
413201,413202,2,53
413202,413201,2,53
413601,413602,2,14
413602,413601,2,14
414601,414603,2,10
414601,414692,2,37
414601,414602,2,46
414601,414691,2,86
414602,414603,2,38
414602,414691,2,39
414602,414601,2,46
414602,414692,2,84
414603,414601,2,10
414603,414602,2,38
414603,414692,2,47
414603,414691,2,78
414691,414602,2,39
414691,414603,2,78
414691,414601,2,86
414691,414692,2,123
414692,414601,2,37
414692,414603,2,47
414692,414602,2,84
414692,414691,2,123
414692,410902,2,127
425611,425612,2,12
425611,427211,2,135
425612,425611,2,12
427201,427202,2,25
427201,427212,2,86
427201,427211,2,104
427202,427201,2,25
427202,427212,2,95
427202,427211,2,110
427211,427212,2,22
427211,427201,2,104
427211,427202,2,110
427211,425611,2,135
427212,427211,2,22
427212,427201,2,86
427212,427202,2,95
427401,427402,2,31
427401,427403,2,58
427401,427404,2,67
427401,115212,2,110
427402,427401,2,31
427402,427403,2,39
427402,427404,2,56
427402,115212,2,123
427403,427404,2,20
427403,427402,2,39
427403,427401,2,58
427404,427403,2,20
427404,427402,2,56
427404,427401,2,67
427501,427502,2,25
427501,120412,2,118
427502,427501,2,25
427502,120412,2,128
429011,429012,2,5
429012,429011,2,5
429111,429112,2,0
429112,429111,2,0
429311,429312,2,17
429312,429311,2,17
429511,429512,2,12
429512,429511,2,12
429611,429612,2,22
429612,429611,2,22
429711,429712,2,3
429712,429711,2,3
447712,120912,2,139
460611,460612,2,42
460611,219701,2,126
460612,460611,2,42
474311,474312,2,3
474312,474311,2,3
515211,515212,2,21
515212,515211,2,21
515711,515712,2,40
515712,515711,2,40
554001,554011,2,16
554001,554002,2,43
554002,554001,2,43
554002,554011,2,58
554011,554001,2,16
554011,554002,2,58
554201,554203,2,4
554201,247516,2,19
554201,554202,2,39
554201,247514,2,71
554201,554212,2,86
554201,554211,2,89
554201,247522,2,107
554201,246601,2,117
554201,247521,2,130
554201,247513,2,137
554201,246602,2,137
554201,246632,2,139
554202,554201,2,39
554202,554203,2,40
554202,554212,2,48
554202,554211,2,50
554202,247516,2,53
554202,246601,2,81
554202,246632,2,105
554202,246602,2,107
554202,247514,2,110
554203,554201,2,4
554203,247516,2,15
554203,554202,2,40
554203,247514,2,72
554203,554212,2,85
554203,554211,2,90
554203,247522,2,109
554203,246601,2,117
554203,247521,2,133
554203,246602,2,135
554203,246632,2,137
554203,247513,2,137
554211,554212,2,29
554211,554202,2,50
554211,246601,2,50
554211,246632,2,82
554211,554201,2,89
554211,554203,2,90
554211,246602,2,93
554211,247516,2,103
554212,554211,2,29
554212,246601,2,32
554212,554202,2,48
554212,246632,2,59
554212,246602,2,66
554212,554203,2,85
554212,554201,2,86
554212,247516,2,95
554212,246611,2,134
554212,246612,2,136
554301,554311,2,20
554301,554302,2,39
554301,554312,2,52
554302,554311,2,24
554302,554301,2,39
554302,554312,2,91
554311,554301,2,20
554311,554302,2,24
554311,554312,2,73
554312,554301,2,52
554312,554311,2,73
554312,554302,2,91
554401,554411,2,12
554401,554412,2,22
554401,554404,2,37
554401,554402,2,39
554402,554404,2,6
554402,554401,2,39
554402,554412,2,40
554402,554411,2,45
554404,554402,2,6
554404,554412,2,35
554404,554401,2,37
554404,554411,2,45
554411,554401,2,12
554411,554412,2,34
554411,554404,2,45
554411,554402,2,45
554412,554401,2,22
554412,554411,2,34
554412,554404,2,35
554412,554402,2,40
554501,554512,2,40
554501,554502,2,46
554501,554511,2,49
554502,554512,2,38
554502,554511,2,39
554502,554501,2,46
554511,554512,2,9
554511,554502,2,39
554511,554501,2,49
554512,554511,2,9
554512,554502,2,38
554512,554501,2,40
554601,554602,2,19
554601,554611,2,58
554601,260111,2,135
554602,554601,2,19
554602,554611,2,45
554602,260111,2,142
554611,554602,2,45
554611,554601,2,58
554611,260111,2,123
554611,260912,2,139
554701,554713,2,13
554701,554714,2,13
554701,554712,2,13
554701,554711,2,13
554701,554704,2,14
554701,554702,2,44
554701,554703,2,44
554701,554715,2,55
554701,344612,2,104
554701,344611,2,109
554702,554703,2,2
554702,554715,2,12
554702,554713,2,31
554702,554714,2,31
554702,554712,2,31
554702,554711,2,31
554702,554704,2,34
554702,554701,2,44
554702,344612,2,117
554702,344611,2,120
554703,554702,2,2
554703,554715,2,14
554703,554713,2,31
554703,554714,2,31
554703,554712,2,31
554703,554711,2,31
554703,554704,2,33
554703,554701,2,44
554703,344612,2,119
554703,344611,2,122
554704,554713,2,12
554704,554714,2,12
554704,554712,2,12
554704,554711,2,12
554704,554701,2,14
554704,554703,2,33
554704,554702,2,34
554704,554715,2,46
554704,344612,2,115
554704,344611,2,119
554711,554713,2,0
554711,554714,2,0
554711,554712,2,0
554711,554704,2,12
554711,554701,2,13
554711,554702,2,31
554711,554703,2,31
554711,554715,2,41
554711,344612,2,103
554711,344611,2,107
554712,554713,2,0
554712,554714,2,0
554712,554711,2,0
554712,554704,2,12
554712,554701,2,13
554712,554702,2,31
554712,554703,2,31
554712,554715,2,41
554712,344612,2,103
554712,344611,2,107
554713,554714,2,0
554713,554712,2,0
554713,554711,2,0
554713,554704,2,12
554713,554701,2,13
554713,554702,2,31
554713,554703,2,31
554713,554715,2,41
554713,344612,2,103
554713,344611,2,107
554714,554713,2,0
554714,554712,2,0
554714,554711,2,0
554714,554704,2,12
554714,554701,2,13
554714,554702,2,31
554714,554703,2,31
554714,554715,2,41
554714,344612,2,103
554714,344611,2,107
554715,554702,2,12
554715,554703,2,14
554715,554713,2,41
554715,554714,2,41
554715,554712,2,41
554715,554711,2,41
554715,554704,2,46
554715,554701,2,55
554715,344612,2,115
554715,344611,2,118
554715,237111,2,141
554802,554824,2,5
554802,554821,2,46
554802,554807,2,60
554802,554808,2,61
554802,554815,2,79
554807,554808,2,3
554807,554802,2,60
554807,554824,2,64
554807,554815,2,92
554807,554821,2,93
554808,554807,2,3
554808,554802,2,61
554808,554824,2,65
554808,554815,2,95
554808,554821,2,96
554815,554821,2,53
554815,554802,2,79
554815,554824,2,84
554815,554807,2,92
554815,554808,2,95
554821,554802,2,46
554821,554824,2,48
554821,554815,2,53
554821,554807,2,93
554821,554808,2,96
554824,554802,2,5
554824,554821,2,48
554824,554807,2,64
554824,554808,2,65
554824,554815,2,84
554901,554902,2,79
554902,554901,2,79
554902,242701,2,114
555021,555022,2,23
555021,243511,2,130
555021,243512,2,135
555022,555021,2,23
555022,243511,2,122
555022,243512,2,125
555301,555311,2,20
555301,555302,2,36
555302,555301,2,36
555302,555311,2,37
555311,555301,2,20
555311,555302,2,37
555421,555422,2,13
555422,555421,2,13
555611,555612,2,58
555612,555611,2,58
555721,555722,2,21
555722,555721,2,21
555911,555912,2,72
555912,555911,2,72
555912,603611,2,133
556011,345111,2,110
557511,557512,2,42
557512,557511,2,42
557512,262811,2,101
557512,262812,2,131
558811,558812,2,10
558811,261911,2,111
558811,261912,2,114
558812,558811,2,10
558812,261911,2,121
558812,261912,2,124
559001,559022,2,35
559022,559001,2,35
564711,564712,2,71
564712,564711,2,71
569811,569812,2,1
569812,569811,2,1
570001,570003,2,13
570001,570002,2,23
570001,570004,2,43
570001,570011,2,118
570002,570004,2,19
570002,570003,2,20
570002,570001,2,23
570002,570011,2,137
570003,570001,2,13
570003,570002,2,20
570003,570004,2,38
570003,570011,2,116
570004,570002,2,19
570004,570003,2,38
570004,570001,2,43
570011,570003,2,116
570011,570001,2,118
570011,570002,2,137
574201,574202,2,51
574202,574201,2,51
587311,144412,2,67
587311,144411,2,67
587311,144413,2,69
587511,587611,2,122
587611,587511,2,122
600411,675512,2,99
600411,675511,2,122
600511,600512,2,9
600511,245802,2,118
600511,245804,2,128
600511,246712,2,131
600511,245803,2,140
600511,245801,2,141
600512,600511,2,9
600512,245802,2,122
600512,246712,2,123
600512,245804,2,132
600611,600612,2,54
600611,240511,2,107
600612,600611,2,54
600612,240511,2,141
600811,600812,2,36
600811,272901,2,117
600811,272902,2,121
600811,272932,2,121
600812,600811,2,36
600812,272901,2,106
600812,272902,2,122
600812,272932,2,122
602911,602912,2,69
602912,602911,2,69
603111,603112,2,52
603112,603111,2,52
603611,603612,2,27
603611,555912,2,133
603612,603611,2,27
604101,604122,2,12
604101,604113,2,20
604113,604101,2,20
604113,604122,2,33
604122,604101,2,12
604122,604113,2,33
608011,608012,2,31
608011,240511,2,116
608012,608011,2,31
608012,240511,2,109
612011,612012,2,17
612012,612011,2,17
614011,614012,2,5
614012,614011,2,5
614012,695911,2,142
614111,614112,2,6
614112,614111,2,6
614212,126512,2,104
614311,614313,2,53
614311,116616,2,108
614313,614311,2,53
614313,116616,2,57
614411,614412,2,8
614411,123212,2,96
614411,123211,2,118
614412,614411,2,8
614412,123212,2,89
614412,123211,2,110
614511,614512,2,15
614511,123812,2,139
614512,614511,2,15
615811,615812,2,0
615811,218711,2,109
615811,218712,2,113
615812,615811,2,0
615812,218711,2,109
615812,218712,2,113
640411,640412,2,25
640411,113613,2,76
640411,682712,2,109
640411,682711,2,116
640411,113602,2,120
640411,113603,2,133
640411,113601,2,136
640412,640411,2,25
640412,682712,2,85
640412,682711,2,94
640412,113613,2,100
640511,640512,2,10
640512,640511,2,10
640512,682711,2,142
640712,682511,2,99
640812,118812,2,84
640812,641111,2,92
641011,118812,2,142
641111,640812,2,92
641111,118812,2,111
664511,664512,2,10
664512,664511,2,10
664611,664612,2,15
664612,664611,2,15
664711,664712,2,40
664711,215313,2,132
664712,664711,2,40
664712,215313,2,93
664712,215311,2,125
664811,664812,2,14
664812,664811,2,14
664901,664902,2,35
664901,664912,2,50
664901,664911,2,61
664902,664912,2,30
664902,664901,2,35
664902,664911,2,41
664911,664902,2,41
664911,664901,2,61
664911,664912,2,70
664912,664902,2,30
664912,664901,2,50
664912,664911,2,70
664912,220111,2,127
664912,220112,2,137
670911,670912,2,92
670912,670911,2,92
674111,674112,2,71
674111,122412,2,98
674111,122411,2,100
674112,674111,2,71
675511,675512,2,56
675511,600411,2,122
675512,675511,2,56
675512,600411,2,99
676411,676412,2,43
676411,235611,2,69
676411,235612,2,75
676412,676411,2,43
676412,235611,2,111
676412,235612,2,117
676412,240311,2,123
679101,679102,2,89
679101,119421,2,98
679101,119402,2,99
679101,119413,2,116
679101,118722,2,132
679101,119412,2,140
679102,679101,2,89
679411,679412,2,21
679411,679422,2,107
679411,679421,2,139
679412,679411,2,21
679412,679422,2,117
679421,679422,2,31
679421,679411,2,139
679422,679421,2,31
679422,679411,2,107
679422,679412,2,117
679501,679512,2,13
679501,679502,2,23
679501,679511,2,58
679502,679501,2,23
679502,679512,2,33
679502,679511,2,82
679511,679512,2,52
679511,679501,2,58
679511,679502,2,82
679512,679501,2,13
679512,679502,2,33
679512,679511,2,52
679911,679912,2,20
679912,679911,2,20
680311,680312,2,19
680312,680311,2,19
680411,680412,2,15
680412,680411,2,15
680511,680512,2,5
680511,211512,2,116
680511,211511,2,119
680512,680511,2,5
680512,211512,2,113
680512,211511,2,118
680611,680612,2,66
680611,218911,2,90
680611,218912,2,107
680612,680611,2,66
680711,680712,2,8
680712,680711,2,8
680811,680812,2,17
680812,680811,2,17
680911,680912,2,10
680912,680911,2,10
681011,681012,2,7
681012,681011,2,7
682511,682612,2,87
682511,640712,2,99
682612,682511,2,87
682711,682712,2,23
682711,640412,2,94
682711,640411,2,116
682711,640512,2,142
682712,682711,2,23
682712,640412,2,85
682712,640411,2,109
683811,202311,2,115
685511,685512,2,21
685512,685511,2,21
685611,685612,2,13
685611,251411,2,101
685611,251412,2,140
685612,685611,2,13
685612,251411,2,97
685612,251412,2,139
687711,687712,2,17
687712,687711,2,17
687811,687812,2,20
687812,687811,2,20
695712,125602,2,108
695712,125612,2,112
695712,125601,2,126
695911,695914,2,1
695911,695912,2,45
695911,614012,2,142
695912,695911,2,45
695912,695914,2,46
695912,336812,2,130
695914,695911,2,1
695914,695912,2,46
707811,707812,2,53
707811,69501,2,88
707811,69522,2,98
707812,707811,2,53
707812,156311,2,121
707812,69501,2,133
707812,69522,2,140
713512,119111,2,141
714001,714002,2,46
714002,714001,2,46
730311,730312,2,11
730312,730311,2,11
752011,752012,2,39
752011,207811,2,126
752012,752011,2,39
752012,752611,2,137
752111,752112,2,16
752112,752111,2,16
752212,211401,2,99
752212,211302,2,118
752212,211301,2,141
752611,752012,2,137
810494,244011,2,109
810494,244012,2,122
812711,812712,2,8
812711,812714,2,44
812712,812711,2,8
812712,812714,2,52
812714,812711,2,44
812714,812712,2,52
814711,264602,2,116
814711,264601,2,135
815311,232212,2,64
815411,815412,2,63
815412,815411,2,63